127	1923116	post	1075	654
127	1928030	post	1075	654
127	1933025	post	1075	654
127	1938024	post	1075	654
127	1943024	post	1075	654
127	1948024	post	1075	654
127	1953025	post	1075	654
127	1958024	post	1075	654
127	1963024	post	1075	654
127	1968022	post	1075	654
127	1973025	post	1075	654
127	1978025	post	1075	654
127	1983025	post	1075	654
127	1988025	post	1075	654
127	1993025	post	1075	654
127	1998025	post	1075	654
127	2003026	post	1075	654
127	2008026	post	1075	654
127	2013024	post	1075	654
127	2018025	post	1075	654
127	2023026	post	1075	654
127	2028026	post	1075	654
127	2033021	post	1075	654
127	2038026	post	1075	654
127	2043021	post	1075	654
127	2048026	post	1075	654
127	2053026	post	1075	654
127	2058025	post	1075	654
127	2063026	post	1075	654
127	2068025	post	1075	654
127	2073059	post	1075	654
127	2078024	post	1075	654
127	2083028	post	1075	654
127	2088021	post	1075	654
127	2093027	post	1075	654
127	2098027	post	1075	654
127	2103021	post	1075	654
127	2108027	post	1075	654
127	2113023	post	1075	654
127	2118028	post	1075	654
127	2123028	post	1075	654
127	2128087	post	1075	654
127	2133028	post	1075	654
127	2138028	post	1075	654
127	2143028	post	1075	654
127	2148028	post	1075	654
127	2153028	post	1075	654
127	2158026	post	1075	654
127	2163022	post	1075	654
127	2168026	post	1075	654
127	2173029	post	1075	654
127	2178029	post	1075	654
127	2183029	post	1075	654
127	2188029	post	1075	654
127	2193029	post	1075	654
127	2198030	post	1075	654
127	2203029	post	1075	654
127	2208029	post	1075	654
127	2213029	post	1075	654
127	2218029	post	1075	654
127	2223029	post	1075	654
127	2228030	post	1075	654
127	2233030	post	1075	654
127	2238030	post	1075	654
127	2243030	post	1075	654
127	2248030	post	1075	654
127	2253030	post	1075	654
127	2258030	post	1075	654
127	2263030	post	1075	654
127	2268030	post	1075	654
127	2273030	post	1075	654
127	2278030	post	1075	654
127	2283030	post	1075	654
127	2288021	post	1075	654
127	2293021	post	1075	654
127	2298021	post	1075	654
127	2303021	post	1075	654
127	2308021	post	1075	654
127	2313021	post	1075	654
127	2318021	post	1075	654
127	2323021	post	1075	654
127	2328021	post	1075	654
127	2333021	post	1075	654
127	2338021	post	1075	654
127	2343021	post	1075	654
127	2348022	post	1075	654
127	2353022	post	1075	654
127	2358022	post	1075	654
127	2363023	post	1075	654
127	2368020	post	1075	654
127	2373022	post	1075	654
127	2378022	post	1075	654
127	2383022	post	1075	654
127	2388022	post	1075	654
127	2393022	post	1075	654
127	2398022	post	1075	654
127	2403023	post	1075	654
127	2408023	post	1075	654
127	2413023	post	1075	654
127	2418023	post	1075	654
127	2423023	post	1075	654
127	2428023	post	1075	654
127	2433023	post	1075	654
127	2438023	post	1075	654
127	2443023	post	1075	654
127	2448021	post	1075	654
127	2453023	post	1075	654
127	2458023	post	1075	654
127	2463021	post	1075	654
127	2468024	post	1075	654
127	2473024	post	1075	654
127	2478024	post	1075	654
127	2483024	post	1075	654
127	2488024	post	1075	654
127	2493024	post	1075	654
127	2498024	post	1075	654
127	2503021	post	1075	654
127	2508024	post	1075	654
127	2513024	post	1075	654
127	2518021	post	1075	654
127	2523025	post	1075	654
127	2528025	post	1075	654
127	2533025	post	1075	654
127	2538025	post	1075	654
127	2543025	post	1075	654
127	2548021	post	1075	654
127	2553025	post	1075	654
127	2558025	post	1075	654
127	2563021	post	1075	654
127	2568025	post	1075	654
127	2573025	post	1075	654
127	2578026	post	1075	654
127	2583021	post	1075	654
127	2588026	post	1075	654
127	2593021	post	1075	654
127	2598020	post	1075	654
127	2603026	post	1075	654
127	2608026	post	1075	654
127	2613026	post	1075	654
127	2618082	post	1075	654
127	2623026	post	1075	654
127	2628026	post	1075	654
127	2633026	post	1075	654
127	2638027	post	1075	654
127	2643027	post	1075	654
127	2648031	post	1075	654
127	2653027	post	1075	654
127	2658027	post	1075	654
127	2663027	post	1075	654
127	2668028	post	1075	654
127	2673027	post	1075	654
127	2678027	post	1075	654
127	2683027	post	1075	654
127	2688027	post	1075	654
127	2693027	post	1075	654
127	2698028	post	1075	654
127	2703028	post	1075	654
127	2708028	post	1075	654
127	2713028	post	1075	654
127	2718028	post	1075	654
127	2723028	post	1075	654
127	2728028	post	1075	654
127	2733028	post	1075	654
127	2738028	post	1075	654
127	2743028	post	1075	654
127	2748028	post	1075	654
127	2753028	post	1075	654
127	2758029	post	1075	654
127	2763029	post	1075	654
127	2768029	post	1075	654
127	2773029	post	1075	654
127	2778029	post	1075	654
127	2783029	post	1075	654
127	2788029	post	1075	654
127	2793029	post	1075	654
127	2798029	post	1075	654
127	2803029	post	1075	654
127	2808029	post	1075	654
127	2813029	post	1075	654
127	2818029	post	1075	654
127	2823029	post	1075	654
127	2828030	post	1075	654
127	2833030	post	1075	654
127	2838030	post	1075	654
127	2843030	post	1075	654
127	2848030	post	1075	654
127	2853030	post	1075	654
127	2858030	post	1075	654
127	2863030	post	1075	654
127	2868030	post	1075	654
127	2873030	post	1075	654
127	2878030	post	1075	654
127	2883030	post	1075	654
127	2888030	post	1075	654
127	2893021	post	1075	654
127	2898021	post	1075	654
127	2903021	post	1075	654
127	2908021	post	1075	654
127	2913021	post	1075	654
127	2918021	post	1075	654
127	2923021	post	1075	654
127	2928021	post	1075	654
127	2933021	post	1075	654
127	2938021	post	1075	654
127	2943021	post	1075	654
127	2948021	post	1075	654
127	2953022	post	1075	654
127	2958022	post	1075	654
127	2963022	post	1075	654
127	2968022	post	1075	654
127	2973022	post	1075	654
127	2978022	post	1075	654
127	2983022	post	1075	654
127	2988022	post	1075	654
127	2993022	post	1075	654
127	2998022	post	1075	654
127	3003022	post	1075	654
127	3008022	post	1075	654
127	3013023	post	1075	654
127	3018023	post	1075	654
127	3023023	post	1075	654
127	3028023	post	1075	654
127	3033023	post	1075	654
127	3038023	post	1075	654
127	3043024	post	1075	654
127	3048023	post	1075	654
127	3053023	post	1075	654
127	3058023	post	1075	654
127	3063023	post	1075	654
127	3068023	post	1075	654
127	3073024	post	1075	654
127	3078024	post	1075	654
127	3083024	post	1075	654
127	3088024	post	1075	654
127	3093024	post	1075	654
127	3098024	post	1075	654
127	3103024	post	1075	654
127	3108024	post	1075	654
127	3113024	post	1075	654
127	3118024	post	1075	654
127	3123024	post	1075	654
