127	1922379	post	1129	654
127	1927374	post	1129	654
127	1932376	post	1129	654
127	1937376	post	1129	654
127	1942376	post	1129	654
127	1947376	post	1129	654
127	1952377	post	1129	654
127	1957377	post	1129	654
127	1962378	post	1129	654
127	1967377	post	1129	654
127	1972373	post	1129	654
127	1977377	post	1129	654
127	1982377	post	1129	654
127	1987377	post	1129	654
127	1992377	post	1129	654
127	1997377	post	1129	654
127	2002378	post	1129	654
127	2007378	post	1129	654
127	2012378	post	1129	654
127	2017378	post	1129	654
127	2022378	post	1129	654
127	2027378	post	1129	654
127	2032378	post	1129	654
127	2037378	post	1129	654
127	2042378	post	1129	654
127	2047378	post	1129	654
127	2052378	post	1129	654
127	2057379	post	1129	654
127	2062379	post	1129	654
127	2067378	post	1129	654
127	2072379	post	1129	654
127	2077379	post	1129	654
127	2082379	post	1129	654
127	2087379	post	1129	654
127	2092379	post	1129	654
127	2097379	post	1129	654
127	2102379	post	1129	654
127	2107456	post	1129	654
127	2112380	post	1129	654
127	2117380	post	1129	654
127	2122380	post	1129	654
127	2127379	post	1129	654
127	2132380	post	1129	654
127	2137429	post	1129	654
127	2142374	post	1129	654
127	2147380	post	1129	654
127	2152380	post	1129	654
127	2157373	post	1129	654
127	2162380	post	1129	654
127	2167377	post	1129	654
127	2172382	post	1129	654
127	2177381	post	1129	654
127	2182381	post	1129	654
127	2187381	post	1129	654
127	2192381	post	1129	654
127	2197381	post	1129	654
127	2202381	post	1129	654
127	2207381	post	1129	654
127	2212373	post	1129	654
127	2217381	post	1129	654
127	2222381	post	1129	654
127	2227382	post	1129	654
127	2232382	post	1129	654
127	2237382	post	1129	654
127	2242382	post	1129	654
127	2247382	post	1129	654
127	2252382	post	1129	654
127	2257382	post	1129	654
127	2262382	post	1129	654
127	2267382	post	1129	654
127	2272382	post	1129	654
127	2277382	post	1129	654
127	2282382	post	1129	654
127	2287383	post	1129	654
127	2292383	post	1129	654
127	2297383	post	1129	654
127	2302383	post	1129	654
127	2307383	post	1129	654
127	2312383	post	1129	654
127	2317426	post	1129	654
127	2322383	post	1129	654
127	2327383	post	1129	654
127	2332383	post	1129	654
127	2337383	post	1129	654
127	2342383	post	1129	654
127	2347374	post	1129	654
127	2352374	post	1129	654
127	2357374	post	1129	654
127	2362374	post	1129	654
127	2367374	post	1129	654
127	2372374	post	1129	654
127	2377374	post	1129	654
127	2382374	post	1129	654
127	2387374	post	1129	654
127	2392374	post	1129	654
127	2397374	post	1129	654
127	2402375	post	1129	654
127	2407375	post	1129	654
127	2412375	post	1129	654
127	2417373	post	1129	654
127	2422375	post	1129	654
127	2427375	post	1129	654
127	2432375	post	1129	654
127	2437375	post	1129	654
127	2442373	post	1129	654
127	2447374	post	1129	654
127	2452375	post	1129	654
127	2457375	post	1129	654
127	2462376	post	1129	654
127	2467376	post	1129	654
127	2472376	post	1129	654
127	2477376	post	1129	654
127	2482376	post	1129	654
127	2487373	post	1129	654
127	2492474	post	1129	654
127	2497376	post	1129	654
127	2502376	post	1129	654
127	2507376	post	1129	654
127	2512376	post	1129	654
127	2517376	post	1129	654
127	2522377	post	1129	654
127	2527377	post	1129	654
127	2532377	post	1129	654
127	2537373	post	1129	654
127	2542377	post	1129	654
127	2547377	post	1129	654
127	2552377	post	1129	654
127	2557377	post	1129	654
127	2562373	post	1129	654
127	2567377	post	1129	654
127	2572377	post	1129	654
127	2577378	post	1129	654
127	2582378	post	1129	654
127	2587378	post	1129	654
127	2592378	post	1129	654
127	2597373	post	1129	654
127	2602378	post	1129	654
127	2607378	post	1129	654
127	2612378	post	1129	654
127	2617378	post	1129	654
127	2622378	post	1129	654
127	2627378	post	1129	654
127	2632378	post	1129	654
127	2637379	post	1129	654
127	2642379	post	1129	654
127	2647379	post	1129	654
127	2652379	post	1129	654
127	2657379	post	1129	654
127	2662379	post	1129	654
127	2667379	post	1129	654
127	2672379	post	1129	654
127	2677456	post	1129	654
127	2682379	post	1129	654
127	2687379	post	1129	654
127	2692379	post	1129	654
127	2697380	post	1129	654
127	2702380	post	1129	654
127	2707380	post	1129	654
127	2712380	post	1129	654
127	2717380	post	1129	654
127	2722380	post	1129	654
127	2727380	post	1129	654
127	2732380	post	1129	654
127	2737380	post	1129	654
127	2742380	post	1129	654
127	2747380	post	1129	654
127	2752380	post	1129	654
127	2757441	post	1129	654
127	2762381	post	1129	654
127	2767381	post	1129	654
127	2772381	post	1129	654
127	2777381	post	1129	654
127	2782381	post	1129	654
127	2787381	post	1129	654
127	2792381	post	1129	654
127	2797381	post	1129	654
127	2802381	post	1129	654
127	2807381	post	1129	654
127	2812381	post	1129	654
127	2817382	post	1129	654
127	2822381	post	1129	654
127	2827382	post	1129	654
127	2832382	post	1129	654
127	2837382	post	1129	654
127	2842382	post	1129	654
127	2847382	post	1129	654
127	2852382	post	1129	654
127	2857382	post	1129	654
127	2862382	post	1129	654
127	2867382	post	1129	654
127	2872382	post	1129	654
127	2877382	post	1129	654
127	2882382	post	1129	654
127	2887382	post	1129	654
127	2892383	post	1129	654
127	2897383	post	1129	654
127	2902383	post	1129	654
127	2907383	post	1129	654
127	2912383	post	1129	654
127	2917383	post	1129	654
127	2922383	post	1129	654
127	2927383	post	1129	654
127	2932383	post	1129	654
127	2937383	post	1129	654
127	2942383	post	1129	654
127	2947383	post	1129	654
127	2952374	post	1129	654
127	2957374	post	1129	654
127	2962374	post	1129	654
127	2967374	post	1129	654
127	2972374	post	1129	654
127	2977374	post	1129	654
127	2982374	post	1129	654
127	2987374	post	1129	654
127	2992374	post	1129	654
127	2997374	post	1129	654
127	3002374	post	1129	654
127	3007374	post	1129	654
127	3012375	post	1129	654
127	3017375	post	1129	654
127	3022375	post	1129	654
127	3027375	post	1129	654
127	3032375	post	1129	654
127	3037375	post	1129	654
127	3042375	post	1129	654
127	3047375	post	1129	654
127	3052375	post	1129	654
127	3057375	post	1129	654
127	3062375	post	1129	654
127	3067375	post	1129	654
127	3072376	post	1129	654
127	3077376	post	1129	654
127	3082376	post	1129	654
127	3087376	post	1129	654
127	3092376	post	1129	654
127	3097376	post	1129	654
127	3102376	post	1129	654
127	3107376	post	1129	654
127	3112376	post	1129	654
127	3117376	post	1129	654
127	3122380	post	1129	654
127	3127376	post	1129	654
