127	1902356	post	1152	651
127	1907353	post	1152	651
127	1912354	post	1152	651
127	1917354	post	1152	651
127	1922354	post	1152	651
127	1927354	post	1152	651
127	1932354	post	1152	651
127	1937354	post	1152	651
127	1942354	post	1152	651
127	1947354	post	1152	651
127	1952355	post	1152	651
127	1957355	post	1152	651
127	1962355	post	1152	651
127	1967355	post	1152	651
127	1972355	post	1152	651
127	1977356	post	1152	651
127	1982355	post	1152	651
127	1987355	post	1152	651
127	1992355	post	1152	651
127	1997454	post	1152	651
127	2002356	post	1152	651
127	2007357	post	1152	651
127	2012357	post	1152	651
127	2017357	post	1152	651
127	2022350	post	1152	651
127	2027351	post	1152	651
127	2032352	post	1152	651
127	2037353	post	1152	651
127	2042355	post	1152	651
127	2047356	post	1152	651
127	2052357	post	1152	651
127	2057359	post	1152	651
127	2062358	post	1152	651
127	2067351	post	1152	651
127	2072352	post	1152	651
127	2077358	post	1152	651
127	2082355	post	1152	651
127	2087356	post	1152	651
127	2092357	post	1152	651
127	2097358	post	1152	651
127	2102358	post	1152	651
127	2107350	post	1152	651
127	2112352	post	1152	651
127	2117353	post	1152	651
127	2122355	post	1152	651
127	2127356	post	1152	651
127	2132357	post	1152	651
127	2137429	post	1152	651
127	2142359	post	1152	651
127	2147359	post	1152	651
127	2152351	post	1152	651
127	2157352	post	1152	651
127	2162353	post	1152	651
127	2167354	post	1152	651
127	2172350	post	1152	651
127	2177358	post	1152	651
127	2182359	post	1152	651
127	2187360	post	1152	651
127	2192351	post	1152	651
127	2197352	post	1152	651
127	2202350	post	1152	651
127	2207355	post	1152	651
127	2212350	post	1152	651
127	2217357	post	1152	651
127	2222357	post	1152	651
127	2227350	post	1152	651
127	2232351	post	1152	651
127	2237351	post	1152	651
127	2242351	post	1152	651
127	2247351	post	1152	651
127	2252351	post	1152	651
127	2257351	post	1152	651
127	2262351	post	1152	651
127	2267351	post	1152	651
127	2272351	post	1152	651
127	2277351	post	1152	651
127	2282351	post	1152	651
127	2287352	post	1152	651
127	2292352	post	1152	651
127	2297352	post	1152	651
127	2302351	post	1152	651
127	2307352	post	1152	651
127	2312352	post	1152	651
127	2317425	post	1152	651
127	2322352	post	1152	651
127	2327352	post	1152	651
127	2332352	post	1152	651
127	2337352	post	1152	651
127	2342351	post	1152	651
127	2347353	post	1152	651
127	2352353	post	1152	651
127	2357353	post	1152	651
127	2362352	post	1152	651
127	2367353	post	1152	651
127	2372352	post	1152	651
127	2377351	post	1152	651
127	2382353	post	1152	651
127	2387353	post	1152	651
127	2392353	post	1152	651
127	2397353	post	1152	651
127	2402351	post	1152	651
127	2407352	post	1152	651
127	2412353	post	1152	651
127	2417352	post	1152	651
127	2422354	post	1152	651
127	2427354	post	1152	651
127	2432354	post	1152	651
127	2437352	post	1152	651
127	2442353	post	1152	651
127	2447351	post	1152	651
127	2452352	post	1152	651
127	2457353	post	1152	651
127	2462355	post	1152	651
127	2467355	post	1152	651
127	2472355	post	1152	651
127	2477352	post	1152	651
127	2482353	post	1152	651
127	2487350	post	1152	651
127	2492351	post	1152	651
127	2497353	post	1152	651
127	2502354	post	1152	651
127	2507355	post	1152	651
127	2512353	post	1152	651
127	2517354	post	1152	651
127	2522356	post	1152	651
127	2527356	post	1152	651
127	2532351	post	1152	651
127	2537352	post	1152	651
127	2542353	post	1152	651
127	2547354	post	1152	651
127	2552354	post	1152	651
127	2557351	post	1152	651
127	2562353	post	1152	651
127	2567351	post	1152	651
127	2572354	post	1152	651
127	2577352	post	1152	651
127	2582353	post	1152	651
127	2587352	post	1152	651
127	2592350	post	1152	651
127	2597354	post	1152	651
127	2602351	post	1152	651
127	2607356	post	1152	651
127	2612357	post	1152	651
127	2617355	post	1152	651
127	2622352	post	1152	651
127	2627353	post	1152	651
127	2632354	post	1152	651
127	2637355	post	1152	651
127	2642351	post	1152	651
127	2647352	post	1152	651
127	2652357	post	1152	651
127	2657358	post	1152	651
127	2662351	post	1152	651
127	2667352	post	1152	651
127	2672354	post	1152	651
127	2677355	post	1152	651
127	2682356	post	1152	651
127	2687357	post	1152	651
127	2692356	post	1152	651
127	2697359	post	1152	651
127	2702351	post	1152	651
127	2707352	post	1152	651
127	2712353	post	1152	651
127	2717355	post	1152	651
127	2722356	post	1152	651
127	2727354	post	1152	651
127	2732355	post	1152	651
127	2737356	post	1152	651
127	2742359	post	1152	651
127	2747351	post	1152	651
127	2752352	post	1152	651
127	2757439	post	1152	651
127	2762355	post	1152	651
127	2767350	post	1152	651
127	2772358	post	1152	651
127	2777350	post	1152	651
127	2782354	post	1152	651
127	2787351	post	1152	651
127	2792352	post	1152	651
127	2797353	post	1152	651
127	2802353	post	1152	651
127	2807355	post	1152	651
127	2812354	post	1152	651
127	2817350	post	1152	651
127	2822358	post	1152	651
127	2827350	post	1152	651
127	2832351	post	1152	651
127	2837351	post	1152	651
127	2842352	post	1152	651
127	2847351	post	1152	651
127	2852351	post	1152	651
127	2857351	post	1152	651
127	2862351	post	1152	651
127	2867351	post	1152	651
127	2872351	post	1152	651
127	2877351	post	1152	651
127	2882351	post	1152	651
127	2887351	post	1152	651
127	2892352	post	1152	651
127	2897352	post	1152	651
127	2902352	post	1152	651
127	2907352	post	1152	651
127	2912352	post	1152	651
127	2917351	post	1152	651
127	2922352	post	1152	651
127	2927352	post	1152	651
127	2932352	post	1152	651
127	2937352	post	1152	651
127	2942352	post	1152	651
127	2947352	post	1152	651
127	2952353	post	1152	651
127	2957352	post	1152	651
127	2962352	post	1152	651
127	2967353	post	1152	651
127	2972356	post	1152	651
127	2977350	post	1152	651
127	2982351	post	1152	651
127	2987351	post	1152	651
127	2992352	post	1152	651
127	2997353	post	1152	651
127	3002350	post	1152	651
127	3007352	post	1152	651
127	3012354	post	1152	651
127	3017354	post	1152	651
127	3022354	post	1152	651
127	3027353	post	1152	651
127	3032352	post	1152	651
127	3037353	post	1152	651
127	3042354	post	1152	651
127	3047351	post	1152	651
127	3052352	post	1152	651
127	3057354	post	1152	651
127	3062354	post	1152	651
127	3067354	post	1152	651
127	3072351	post	1152	651
127	3077355	post	1152	651
127	3082354	post	1152	651
127	3087351	post	1152	651
127	3092353	post	1152	651
127	3097353	post	1152	651
127	3102354	post	1152	651
127	3107358	post	1152	651
127	3112355	post	1152	651
127	3117353	post	1152	651
127	3122351	post	1152	651
127	3127354	post	1152	651
