127	1908650	post	1225	654
127	1913646	post	1225	654
127	1918646	post	1225	654
127	1923646	post	1225	654
127	1928646	post	1225	654
127	1933646	post	1225	654
127	1938646	post	1225	654
127	1943646	post	1225	654
127	1948646	post	1225	654
127	1953637	post	1225	654
127	1958637	post	1225	654
127	1963637	post	1225	654
127	1968637	post	1225	654
127	1973637	post	1225	654
127	1978637	post	1225	654
127	1983637	post	1225	654
127	1988637	post	1225	654
127	1993637	post	1225	654
127	1998637	post	1225	654
127	2003638	post	1225	654
127	2008638	post	1225	654
127	2013638	post	1225	654
127	2018638	post	1225	654
127	2023638	post	1225	654
127	2028638	post	1225	654
127	2033638	post	1225	654
127	2038638	post	1225	654
127	2043638	post	1225	654
127	2048638	post	1225	654
127	2053638	post	1225	654
127	2058639	post	1225	654
127	2063639	post	1225	654
127	2068639	post	1225	654
127	2073639	post	1225	654
127	2078650	post	1225	654
127	2083639	post	1225	654
127	2088639	post	1225	654
127	2093639	post	1225	654
127	2098639	post	1225	654
127	2103639	post	1225	654
127	2108639	post	1225	654
127	2113640	post	1225	654
127	2118640	post	1225	654
127	2123640	post	1225	654
127	2128640	post	1225	654
127	2133640	post	1225	654
127	2138640	post	1225	654
127	2143636	post	1225	654
127	2148640	post	1225	654
127	2153640	post	1225	654
127	2158636	post	1225	654
127	2163640	post	1225	654
127	2168641	post	1225	654
127	2173641	post	1225	654
127	2178641	post	1225	654
127	2183641	post	1225	654
127	2188641	post	1225	654
127	2193641	post	1225	654
127	2198641	post	1225	654
127	2203641	post	1225	654
127	2208641	post	1225	654
127	2213637	post	1225	654
127	2218641	post	1225	654
127	2223641	post	1225	654
127	2228642	post	1225	654
127	2233642	post	1225	654
127	2238642	post	1225	654
127	2243642	post	1225	654
127	2248642	post	1225	654
127	2253642	post	1225	654
127	2258642	post	1225	654
127	2263642	post	1225	654
127	2268642	post	1225	654
127	2273642	post	1225	654
127	2278642	post	1225	654
127	2283642	post	1225	654
127	2288643	post	1225	654
127	2293643	post	1225	654
127	2298643	post	1225	654
127	2303643	post	1225	654
127	2308643	post	1225	654
127	2313643	post	1225	654
127	2318643	post	1225	654
127	2323643	post	1225	654
127	2328636	post	1225	654
127	2333643	post	1225	654
127	2338643	post	1225	654
127	2343644	post	1225	654
127	2348644	post	1225	654
127	2353644	post	1225	654
127	2358644	post	1225	654
127	2363644	post	1225	654
127	2368644	post	1225	654
127	2373644	post	1225	654
127	2378644	post	1225	654
127	2383644	post	1225	654
127	2388644	post	1225	654
127	2393644	post	1225	654
127	2398644	post	1225	654
127	2403645	post	1225	654
127	2408645	post	1225	654
127	2413645	post	1225	654
127	2418645	post	1225	654
127	2423645	post	1225	654
127	2428645	post	1225	654
127	2433645	post	1225	654
127	2438645	post	1225	654
127	2443636	post	1225	654
127	2448645	post	1225	654
127	2453645	post	1225	654
127	2458645	post	1225	654
127	2463646	post	1225	654
127	2468739	post	1225	654
127	2473646	post	1225	654
127	2478646	post	1225	654
127	2483646	post	1225	654
127	2488636	post	1225	654
127	2493646	post	1225	654
127	2498646	post	1225	654
127	2503646	post	1225	654
127	2508646	post	1225	654
127	2513646	post	1225	654
127	2518637	post	1225	654
127	2523637	post	1225	654
127	2528637	post	1225	654
127	2533637	post	1225	654
127	2538636	post	1225	654
127	2543647	post	1225	654
127	2548637	post	1225	654
127	2553637	post	1225	654
127	2558637	post	1225	654
127	2563637	post	1225	654
127	2568637	post	1225	654
127	2573637	post	1225	654
127	2578638	post	1225	654
127	2583638	post	1225	654
127	2588638	post	1225	654
127	2593638	post	1225	654
127	2598638	post	1225	654
127	2603638	post	1225	654
127	2608638	post	1225	654
127	2613638	post	1225	654
127	2618638	post	1225	654
127	2623638	post	1225	654
127	2628638	post	1225	654
127	2633638	post	1225	654
127	2638639	post	1225	654
127	2643639	post	1225	654
127	2648639	post	1225	654
127	2653639	post	1225	654
127	2658639	post	1225	654
127	2663639	post	1225	654
127	2668639	post	1225	654
127	2673639	post	1225	654
127	2678639	post	1225	654
127	2683639	post	1225	654
127	2688639	post	1225	654
127	2693640	post	1225	654
127	2698640	post	1225	654
127	2703640	post	1225	654
127	2708640	post	1225	654
127	2713640	post	1225	654
127	2718640	post	1225	654
127	2723640	post	1225	654
127	2728640	post	1225	654
127	2733640	post	1225	654
127	2738640	post	1225	654
127	2743640	post	1225	654
127	2748640	post	1225	654
127	2753636	post	1225	654
127	2758641	post	1225	654
127	2763641	post	1225	654
127	2768641	post	1225	654
127	2773641	post	1225	654
127	2778641	post	1225	654
127	2783641	post	1225	654
127	2788641	post	1225	654
127	2793641	post	1225	654
127	2798641	post	1225	654
127	2803641	post	1225	654
127	2808641	post	1225	654
127	2813641	post	1225	654
127	2818641	post	1225	654
127	2823641	post	1225	654
127	2828642	post	1225	654
127	2833643	post	1225	654
127	2838642	post	1225	654
127	2843642	post	1225	654
127	2848642	post	1225	654
127	2853642	post	1225	654
127	2858642	post	1225	654
127	2863642	post	1225	654
127	2868642	post	1225	654
127	2873642	post	1225	654
127	2878642	post	1225	654
127	2883642	post	1225	654
127	2888642	post	1225	654
127	2893643	post	1225	654
127	2898643	post	1225	654
127	2903643	post	1225	654
127	2908643	post	1225	654
127	2913643	post	1225	654
127	2918643	post	1225	654
127	2923643	post	1225	654
127	2928643	post	1225	654
127	2933643	post	1225	654
127	2938643	post	1225	654
127	2943643	post	1225	654
127	2948643	post	1225	654
127	2953644	post	1225	654
127	2958644	post	1225	654
127	2963644	post	1225	654
127	2968644	post	1225	654
127	2973644	post	1225	654
127	2978644	post	1225	654
127	2983644	post	1225	654
127	2988644	post	1225	654
127	2993644	post	1225	654
127	2998644	post	1225	654
127	3003644	post	1225	654
127	3008644	post	1225	654
127	3013645	post	1225	654
127	3018645	post	1225	654
127	3023645	post	1225	654
127	3028645	post	1225	654
127	3033645	post	1225	654
127	3038645	post	1225	654
127	3043645	post	1225	654
127	3048645	post	1225	654
127	3053645	post	1225	654
127	3058645	post	1225	654
127	3063645	post	1225	654
127	3068645	post	1225	654
127	3073646	post	1225	654
127	3078646	post	1225	654
127	3083646	post	1225	654
127	3088646	post	1225	654
127	3093646	post	1225	654
127	3098646	post	1225	654
127	3103646	post	1225	654
127	3108646	post	1225	654
127	3113646	post	1225	654
127	3118646	post	1225	654
127	3123646	post	1225	654
