127	1900115	post	1231	651
127	1905113	post	1231	651
127	1910114	post	1231	651
127	1915114	post	1231	651
127	1920114	post	1231	651
127	1925114	post	1231	651
127	1930114	post	1231	651
127	1935114	post	1231	651
127	1940114	post	1231	651
127	1945114	post	1231	651
127	1950114	post	1231	651
127	1955115	post	1231	651
127	1960115	post	1231	651
127	1965115	post	1231	651
127	1970115	post	1231	651
127	1975109	post	1231	651
127	1980115	post	1231	651
127	1985115	post	1231	651
127	1990115	post	1231	651
127	1995115	post	1231	651
127	2000114	post	1231	651
127	2005116	post	1231	651
127	2010116	post	1231	651
127	2015116	post	1231	651
127	2020116	post	1231	651
127	2025116	post	1231	651
127	2030116	post	1231	651
127	2035116	post	1231	651
127	2040116	post	1231	651
127	2045116	post	1231	651
127	2050116	post	1231	651
127	2055107	post	1231	651
127	2060107	post	1231	651
127	2065107	post	1231	651
127	2070108	post	1231	651
127	2075107	post	1231	651
127	2080107	post	1231	651
127	2085107	post	1231	651
127	2090107	post	1231	651
127	2095107	post	1231	651
127	2100107	post	1231	651
127	2105107	post	1231	651
127	2110107	post	1231	651
127	2115108	post	1231	651
127	2120108	post	1231	651
127	2125108	post	1231	651
127	2130112	post	1231	651
127	2135108	post	1231	651
127	2140108	post	1231	651
127	2145108	post	1231	651
127	2150108	post	1231	651
127	2155108	post	1231	651
127	2160108	post	1231	651
127	2165108	post	1231	651
127	2170109	post	1231	651
127	2175109	post	1231	651
127	2180109	post	1231	651
127	2185109	post	1231	651
127	2190109	post	1231	651
127	2195205	post	1231	651
127	2200203	post	1231	651
127	2205109	post	1231	651
127	2210109	post	1231	651
127	2215109	post	1231	651
127	2220109	post	1231	651
127	2225110	post	1231	651
127	2230110	post	1231	651
127	2235110	post	1231	651
127	2240110	post	1231	651
127	2245110	post	1231	651
127	2250110	post	1231	651
127	2255110	post	1231	651
127	2260110	post	1231	651
127	2265110	post	1231	651
127	2270110	post	1231	651
127	2275110	post	1231	651
127	2280111	post	1231	651
127	2285113	post	1231	651
127	2290111	post	1231	651
127	2295111	post	1231	651
127	2300111	post	1231	651
127	2305116	post	1231	651
127	2310111	post	1231	651
127	2315111	post	1231	651
127	2320111	post	1231	651
127	2325111	post	1231	651
127	2330111	post	1231	651
127	2335111	post	1231	651
127	2340111	post	1231	651
127	2345112	post	1231	651
127	2350112	post	1231	651
127	2355112	post	1231	651
127	2360112	post	1231	651
127	2365112	post	1231	651
127	2370112	post	1231	651
127	2375112	post	1231	651
127	2380112	post	1231	651
127	2385112	post	1231	651
127	2390112	post	1231	651
127	2395112	post	1231	651
127	2400112	post	1231	651
127	2405113	post	1231	651
127	2410113	post	1231	651
127	2415113	post	1231	651
127	2420113	post	1231	651
127	2425113	post	1231	651
127	2430113	post	1231	651
127	2435113	post	1231	651
127	2440113	post	1231	651
127	2445113	post	1231	651
127	2450113	post	1231	651
127	2455113	post	1231	651
127	2460113	post	1231	651
127	2465114	post	1231	651
127	2470114	post	1231	651
127	2475114	post	1231	651
127	2480114	post	1231	651
127	2485114	post	1231	651
127	2490114	post	1231	651
127	2495114	post	1231	651
127	2500114	post	1231	651
127	2505114	post	1231	651
127	2510114	post	1231	651
127	2515114	post	1231	651
127	2520115	post	1231	651
127	2525115	post	1231	651
127	2530115	post	1231	651
127	2535115	post	1231	651
127	2540115	post	1231	651
127	2545115	post	1231	651
127	2550115	post	1231	651
127	2555115	post	1231	651
127	2560115	post	1231	651
127	2565115	post	1231	651
127	2570115	post	1231	651
127	2575115	post	1231	651
127	2580116	post	1231	651
127	2585116	post	1231	651
127	2590116	post	1231	651
127	2595116	post	1231	651
127	2600116	post	1231	651
127	2605116	post	1231	651
127	2610116	post	1231	651
127	2615116	post	1231	651
127	2620116	post	1231	651
127	2625116	post	1231	651
127	2630116	post	1231	651
127	2635116	post	1231	651
127	2640107	post	1231	651
127	2645107	post	1231	651
127	2650107	post	1231	651
127	2655107	post	1231	651
127	2660107	post	1231	651
127	2665107	post	1231	651
127	2670107	post	1231	651
127	2675107	post	1231	651
127	2680107	post	1231	651
127	2685107	post	1231	651
127	2690107	post	1231	651
127	2695108	post	1231	651
127	2700108	post	1231	651
127	2705133	post	1231	651
127	2710108	post	1231	651
127	2715108	post	1231	651
127	2720108	post	1231	651
127	2725108	post	1231	651
127	2730108	post	1231	651
127	2735108	post	1231	651
127	2740108	post	1231	651
127	2745108	post	1231	651
127	2750108	post	1231	651
127	2755109	post	1231	651
127	2760109	post	1231	651
127	2765109	post	1231	651
127	2770109	post	1231	651
127	2775109	post	1231	651
127	2780109	post	1231	651
127	2785109	post	1231	651
127	2790109	post	1231	651
127	2795109	post	1231	651
127	2800109	post	1231	651
127	2805193	post	1231	651
127	2810109	post	1231	651
127	2815109	post	1231	651
127	2820109	post	1231	651
127	2825109	post	1231	651
127	2830110	post	1231	651
127	2835110	post	1231	651
127	2840110	post	1231	651
127	2845110	post	1231	651
127	2850111	post	1231	651
127	2855110	post	1231	651
127	2860110	post	1231	651
127	2865110	post	1231	651
127	2870110	post	1231	651
127	2875110	post	1231	651
127	2880110	post	1231	651
127	2885110	post	1231	651
127	2890111	post	1231	651
127	2895111	post	1231	651
127	2900111	post	1231	651
127	2905111	post	1231	651
127	2910111	post	1231	651
127	2915111	post	1231	651
127	2920111	post	1231	651
127	2925111	post	1231	651
127	2930111	post	1231	651
127	2935111	post	1231	651
127	2940111	post	1231	651
127	2945111	post	1231	651
127	2950111	post	1231	651
127	2955112	post	1231	651
127	2960112	post	1231	651
127	2965112	post	1231	651
127	2970112	post	1231	651
127	2975112	post	1231	651
127	2980112	post	1231	651
127	2985112	post	1231	651
127	2990112	post	1231	651
127	2995112	post	1231	651
127	3000112	post	1231	651
127	3005112	post	1231	651
127	3010113	post	1231	651
127	3015113	post	1231	651
127	3020113	post	1231	651
127	3025113	post	1231	651
127	3030113	post	1231	651
127	3035113	post	1231	651
127	3040113	post	1231	651
127	3045113	post	1231	651
127	3050113	post	1231	651
127	3055113	post	1231	651
127	3060113	post	1231	651
127	3065113	post	1231	651
127	3070114	post	1231	651
127	3075114	post	1231	651
127	3080114	post	1231	651
127	3085114	post	1231	651
127	3090114	post	1231	651
127	3095114	post	1231	651
127	3100114	post	1231	651
127	3105114	post	1231	651
127	3110114	post	1231	651
127	3115114	post	1231	651
127	3120114	post	1231	651
127	3125114	post	1231	651
