127	1904634	post	1243	654
127	1909634	post	1243	654
127	1914634	post	1243	654
127	1919634	post	1243	654
127	1924634	post	1243	654
127	1929634	post	1243	654
127	1934634	post	1243	654
127	1939634	post	1243	654
127	1944634	post	1243	654
127	1949634	post	1243	654
127	1954625	post	1243	654
127	1959625	post	1243	654
127	1964625	post	1243	654
127	1969635	post	1243	654
127	1974625	post	1243	654
127	1979625	post	1243	654
127	1984625	post	1243	654
127	1989625	post	1243	654
127	1994625	post	1243	654
127	1999625	post	1243	654
127	2004626	post	1243	654
127	2009706	post	1243	654
127	2014626	post	1243	654
127	2019626	post	1243	654
127	2024626	post	1243	654
127	2029626	post	1243	654
127	2034626	post	1243	654
127	2039626	post	1243	654
127	2044626	post	1243	654
127	2049626	post	1243	654
127	2054627	post	1243	654
127	2059627	post	1243	654
127	2064627	post	1243	654
127	2069627	post	1243	654
127	2074627	post	1243	654
127	2079627	post	1243	654
127	2084627	post	1243	654
127	2089627	post	1243	654
127	2094627	post	1243	654
127	2099627	post	1243	654
127	2104627	post	1243	654
127	2109627	post	1243	654
127	2114628	post	1243	654
127	2119628	post	1243	654
127	2124628	post	1243	654
127	2129628	post	1243	654
127	2134628	post	1243	654
127	2139628	post	1243	654
127	2144628	post	1243	654
127	2149628	post	1243	654
127	2154628	post	1243	654
127	2159628	post	1243	654
127	2164628	post	1243	654
127	2169629	post	1243	654
127	2174629	post	1243	654
127	2179629	post	1243	654
127	2184629	post	1243	654
127	2189692	post	1243	654
127	2194629	post	1243	654
127	2199629	post	1243	654
127	2204629	post	1243	654
127	2209629	post	1243	654
127	2214629	post	1243	654
127	2219629	post	1243	654
127	2224629	post	1243	654
127	2229630	post	1243	654
127	2234630	post	1243	654
127	2239630	post	1243	654
127	2244630	post	1243	654
127	2249630	post	1243	654
127	2254630	post	1243	654
127	2259630	post	1243	654
127	2264630	post	1243	654
127	2269630	post	1243	654
127	2274630	post	1243	654
127	2279630	post	1243	654
127	2284631	post	1243	654
127	2289631	post	1243	654
127	2294631	post	1243	654
127	2299631	post	1243	654
127	2304631	post	1243	654
127	2309631	post	1243	654
127	2314631	post	1243	654
127	2319631	post	1243	654
127	2324631	post	1243	654
127	2329631	post	1243	654
127	2334631	post	1243	654
127	2339631	post	1243	654
127	2344632	post	1243	654
127	2349632	post	1243	654
127	2354632	post	1243	654
127	2359632	post	1243	654
127	2364632	post	1243	654
127	2369632	post	1243	654
127	2374632	post	1243	654
127	2379632	post	1243	654
127	2384637	post	1243	654
127	2389632	post	1243	654
127	2394632	post	1243	654
127	2399632	post	1243	654
127	2404633	post	1243	654
127	2409633	post	1243	654
127	2414633	post	1243	654
127	2419633	post	1243	654
127	2424633	post	1243	654
127	2429633	post	1243	654
127	2434633	post	1243	654
127	2439633	post	1243	654
127	2444633	post	1243	654
127	2449633	post	1243	654
127	2454633	post	1243	654
127	2459633	post	1243	654
127	2464634	post	1243	654
127	2469634	post	1243	654
127	2474634	post	1243	654
127	2479634	post	1243	654
127	2484634	post	1243	654
127	2489634	post	1243	654
127	2494634	post	1243	654
127	2499634	post	1243	654
127	2504634	post	1243	654
127	2509634	post	1243	654
127	2514634	post	1243	654
127	2519625	post	1243	654
127	2524625	post	1243	654
127	2529625	post	1243	654
127	2534625	post	1243	654
127	2539625	post	1243	654
127	2544625	post	1243	654
127	2549625	post	1243	654
127	2554625	post	1243	654
127	2559625	post	1243	654
127	2564625	post	1243	654
127	2569625	post	1243	654
127	2574625	post	1243	654
127	2579626	post	1243	654
127	2584626	post	1243	654
127	2589626	post	1243	654
127	2594626	post	1243	654
127	2599626	post	1243	654
127	2604626	post	1243	654
127	2609747	post	1243	654
127	2614626	post	1243	654
127	2619626	post	1243	654
127	2624626	post	1243	654
127	2629626	post	1243	654
127	2634626	post	1243	654
127	2639627	post	1243	654
127	2644627	post	1243	654
127	2649627	post	1243	654
127	2654627	post	1243	654
127	2659627	post	1243	654
127	2664627	post	1243	654
127	2669627	post	1243	654
127	2674627	post	1243	654
127	2679627	post	1243	654
127	2684627	post	1243	654
127	2689627	post	1243	654
127	2694628	post	1243	654
127	2699628	post	1243	654
127	2704628	post	1243	654
127	2709628	post	1243	654
127	2714628	post	1243	654
127	2719628	post	1243	654
127	2724628	post	1243	654
127	2729628	post	1243	654
127	2734628	post	1243	654
127	2739628	post	1243	654
127	2744628	post	1243	654
127	2749628	post	1243	654
127	2754629	post	1243	654
127	2759629	post	1243	654
127	2764629	post	1243	654
127	2769629	post	1243	654
127	2774629	post	1243	654
127	2779629	post	1243	654
127	2784629	post	1243	654
127	2789629	post	1243	654
127	2794629	post	1243	654
127	2799629	post	1243	654
127	2804629	post	1243	654
127	2809629	post	1243	654
127	2814629	post	1243	654
127	2819629	post	1243	654
127	2824629	post	1243	654
127	2829630	post	1243	654
127	2834630	post	1243	654
127	2839630	post	1243	654
127	2844630	post	1243	654
127	2849630	post	1243	654
127	2854630	post	1243	654
127	2859630	post	1243	654
127	2864630	post	1243	654
127	2869630	post	1243	654
127	2874630	post	1243	654
127	2879630	post	1243	654
127	2884630	post	1243	654
127	2889631	post	1243	654
127	2894631	post	1243	654
127	2899631	post	1243	654
127	2904631	post	1243	654
127	2909631	post	1243	654
127	2914631	post	1243	654
127	2919647	post	1243	654
127	2924625	post	1243	654
127	2929624	post	1243	654
127	2934631	post	1243	654
127	2939631	post	1243	654
127	2944631	post	1243	654
127	2949631	post	1243	654
127	2954632	post	1243	654
127	2959632	post	1243	654
127	2964632	post	1243	654
127	2969632	post	1243	654
127	2974632	post	1243	654
127	2979632	post	1243	654
127	2984632	post	1243	654
127	2989632	post	1243	654
127	2994632	post	1243	654
127	2999632	post	1243	654
127	3004632	post	1243	654
127	3009633	post	1243	654
127	3014633	post	1243	654
127	3019633	post	1243	654
127	3024633	post	1243	654
127	3029633	post	1243	654
127	3034633	post	1243	654
127	3039633	post	1243	654
127	3044633	post	1243	654
127	3049633	post	1243	654
127	3054633	post	1243	654
127	3059633	post	1243	654
127	3064633	post	1243	654
127	3069634	post	1243	654
127	3074634	post	1243	654
127	3079634	post	1243	654
127	3084634	post	1243	654
127	3089701	post	1243	654
127	3094634	post	1243	654
127	3099634	post	1243	654
127	3104634	post	1243	654
127	3109634	post	1243	654
127	3114634	post	1243	654
127	3119634	post	1243	654
127	3124634	post	1243	654
