127	1922787	post	1248	654
127	1927780	post	1248	654
127	1932786	post	1248	654
127	1937786	post	1248	654
127	1942786	post	1248	654
127	1947786	post	1248	654
127	1952787	post	1248	654
127	1957787	post	1248	654
127	1962787	post	1248	654
127	1967787	post	1248	654
127	1972786	post	1248	654
127	1977798	post	1248	654
127	1982786	post	1248	654
127	1987787	post	1248	654
127	1992787	post	1248	654
127	1997787	post	1248	654
127	2002787	post	1248	654
127	2007787	post	1248	654
127	2012788	post	1248	654
127	2017788	post	1248	654
127	2022788	post	1248	654
127	2027787	post	1248	654
127	2032788	post	1248	654
127	2037787	post	1248	654
127	2042787	post	1248	654
127	2047787	post	1248	654
127	2052788	post	1248	654
127	2057789	post	1248	654
127	2062788	post	1248	654
127	2067789	post	1248	654
127	2072788	post	1248	654
127	2077789	post	1248	654
127	2082788	post	1248	654
127	2087788	post	1248	654
127	2092788	post	1248	654
127	2097788	post	1248	654
127	2102788	post	1248	654
127	2107788	post	1248	654
127	2112790	post	1248	654
127	2117789	post	1248	654
127	2122789	post	1248	654
127	2127780	post	1248	654
127	2132810	post	1248	654
127	2137789	post	1248	654
127	2142782	post	1248	654
127	2147789	post	1248	654
127	2152789	post	1248	654
127	2157780	post	1248	654
127	2162789	post	1248	654
127	2167789	post	1248	654
127	2172791	post	1248	654
127	2177780	post	1248	654
127	2182780	post	1248	654
127	2187780	post	1248	654
127	2192780	post	1248	654
127	2197780	post	1248	654
127	2202780	post	1248	654
127	2207781	post	1248	654
127	2212781	post	1248	654
127	2217781	post	1248	654
127	2222780	post	1248	654
127	2227781	post	1248	654
127	2232781	post	1248	654
127	2237781	post	1248	654
127	2242781	post	1248	654
127	2247781	post	1248	654
127	2252781	post	1248	654
127	2257781	post	1248	654
127	2262781	post	1248	654
127	2267781	post	1248	654
127	2272781	post	1248	654
127	2277781	post	1248	654
127	2282781	post	1248	654
127	2287782	post	1248	654
127	2292782	post	1248	654
127	2297782	post	1248	654
127	2302782	post	1248	654
127	2307782	post	1248	654
127	2312782	post	1248	654
127	2317783	post	1248	654
127	2322782	post	1248	654
127	2327782	post	1248	654
127	2332782	post	1248	654
127	2337782	post	1248	654
127	2342803	post	1248	654
127	2347783	post	1248	654
127	2352783	post	1248	654
127	2357783	post	1248	654
127	2362784	post	1248	654
127	2367783	post	1248	654
127	2372783	post	1248	654
127	2377783	post	1248	654
127	2382783	post	1248	654
127	2387783	post	1248	654
127	2392783	post	1248	654
127	2397783	post	1248	654
127	2402784	post	1248	654
127	2407784	post	1248	654
127	2412784	post	1248	654
127	2417784	post	1248	654
127	2422784	post	1248	654
127	2427784	post	1248	654
127	2432784	post	1248	654
127	2437845	post	1248	654
127	2442810	post	1248	654
127	2447784	post	1248	654
127	2452784	post	1248	654
127	2457784	post	1248	654
127	2462785	post	1248	654
127	2467785	post	1248	654
127	2472785	post	1248	654
127	2477872	post	1248	654
127	2482785	post	1248	654
127	2487780	post	1248	654
127	2492785	post	1248	654
127	2497785	post	1248	654
127	2502785	post	1248	654
127	2507785	post	1248	654
127	2512785	post	1248	654
127	2517785	post	1248	654
127	2522796	post	1248	654
127	2527786	post	1248	654
127	2532786	post	1248	654
127	2537780	post	1248	654
127	2542786	post	1248	654
127	2547786	post	1248	654
127	2552786	post	1248	654
127	2557786	post	1248	654
127	2562780	post	1248	654
127	2567786	post	1248	654
127	2572881	post	1248	654
127	2577787	post	1248	654
127	2582787	post	1248	654
127	2587787	post	1248	654
127	2592787	post	1248	654
127	2597780	post	1248	654
127	2602787	post	1248	654
127	2607787	post	1248	654
127	2612787	post	1248	654
127	2617787	post	1248	654
127	2622787	post	1248	654
127	2627787	post	1248	654
127	2632787	post	1248	654
127	2637788	post	1248	654
127	2642788	post	1248	654
127	2647788	post	1248	654
127	2652789	post	1248	654
127	2657788	post	1248	654
127	2662836	post	1248	654
127	2667788	post	1248	654
127	2672789	post	1248	654
127	2677789	post	1248	654
127	2682788	post	1248	654
127	2687899	post	1248	654
127	2692788	post	1248	654
127	2697789	post	1248	654
127	2702789	post	1248	654
127	2707790	post	1248	654
127	2712789	post	1248	654
127	2717789	post	1248	654
127	2722790	post	1248	654
127	2727789	post	1248	654
127	2732789	post	1248	654
127	2737789	post	1248	654
127	2742789	post	1248	654
127	2747789	post	1248	654
127	2752789	post	1248	654
127	2757780	post	1248	654
127	2762780	post	1248	654
127	2767780	post	1248	654
127	2772780	post	1248	654
127	2777780	post	1248	654
127	2782780	post	1248	654
127	2787780	post	1248	654
127	2792781	post	1248	654
127	2797780	post	1248	654
127	2802780	post	1248	654
127	2807780	post	1248	654
127	2812780	post	1248	654
127	2817780	post	1248	654
127	2822780	post	1248	654
127	2827781	post	1248	654
127	2832781	post	1248	654
127	2837781	post	1248	654
127	2842781	post	1248	654
127	2847781	post	1248	654
127	2852781	post	1248	654
127	2857781	post	1248	654
127	2862781	post	1248	654
127	2867781	post	1248	654
127	2872781	post	1248	654
127	2877781	post	1248	654
127	2882781	post	1248	654
127	2887781	post	1248	654
127	2892782	post	1248	654
127	2897782	post	1248	654
127	2902782	post	1248	654
127	2907782	post	1248	654
127	2912782	post	1248	654
127	2917782	post	1248	654
127	2922782	post	1248	654
127	2927782	post	1248	654
127	2932782	post	1248	654
127	2937782	post	1248	654
127	2942782	post	1248	654
127	2947782	post	1248	654
127	2952783	post	1248	654
127	2957783	post	1248	654
127	2962783	post	1248	654
127	2967783	post	1248	654
127	2972783	post	1248	654
127	2977783	post	1248	654
127	2982783	post	1248	654
127	2987783	post	1248	654
127	2992783	post	1248	654
127	2997783	post	1248	654
127	3002783	post	1248	654
127	3007783	post	1248	654
127	3012784	post	1248	654
127	3017784	post	1248	654
127	3022784	post	1248	654
127	3027784	post	1248	654
127	3032784	post	1248	654
127	3037784	post	1248	654
127	3042784	post	1248	654
127	3047784	post	1248	654
127	3052784	post	1248	654
127	3057784	post	1248	654
127	3062784	post	1248	654
127	3067784	post	1248	654
127	3072785	post	1248	654
127	3077785	post	1248	654
127	3082785	post	1248	654
127	3087785	post	1248	654
127	3092785	post	1248	654
127	3097785	post	1248	654
127	3102785	post	1248	654
127	3107786	post	1248	654
127	3112785	post	1248	654
127	3117785	post	1248	654
127	3122785	post	1248	654
