127	1922417	post	1249	654
127	1927415	post	1249	654
127	1932426	post	1249	654
127	1937416	post	1249	654
127	1942416	post	1249	654
127	1947416	post	1249	654
127	1952417	post	1249	654
127	1957417	post	1249	654
127	1962417	post	1249	654
127	1967417	post	1249	654
127	1972447	post	1249	654
127	1977417	post	1249	654
127	1982417	post	1249	654
127	1987417	post	1249	654
127	1992416	post	1249	654
127	1997417	post	1249	654
127	2002418	post	1249	654
127	2007418	post	1249	654
127	2012418	post	1249	654
127	2017418	post	1249	654
127	2022418	post	1249	654
127	2027418	post	1249	654
127	2032509	post	1249	654
127	2037415	post	1249	654
127	2042415	post	1249	654
127	2047418	post	1249	654
127	2052418	post	1249	654
127	2057419	post	1249	654
127	2062419	post	1249	654
127	2067419	post	1249	654
127	2072419	post	1249	654
127	2077419	post	1249	654
127	2082419	post	1249	654
127	2087419	post	1249	654
127	2092419	post	1249	654
127	2097418	post	1249	654
127	2102419	post	1249	654
127	2107456	post	1249	654
127	2112420	post	1249	654
127	2117420	post	1249	654
127	2122420	post	1249	654
127	2127419	post	1249	654
127	2132420	post	1249	654
127	2137429	post	1249	654
127	2142415	post	1249	654
127	2147420	post	1249	654
127	2152420	post	1249	654
127	2157415	post	1249	654
127	2162420	post	1249	654
127	2167420	post	1249	654
127	2172421	post	1249	654
127	2177421	post	1249	654
127	2182421	post	1249	654
127	2187421	post	1249	654
127	2192421	post	1249	654
127	2197421	post	1249	654
127	2202421	post	1249	654
127	2207421	post	1249	654
127	2212421	post	1249	654
127	2217421	post	1249	654
127	2222421	post	1249	654
127	2227422	post	1249	654
127	2232422	post	1249	654
127	2237422	post	1249	654
127	2242422	post	1249	654
127	2247422	post	1249	654
127	2252422	post	1249	654
127	2257422	post	1249	654
127	2262422	post	1249	654
127	2267422	post	1249	654
127	2272422	post	1249	654
127	2277422	post	1249	654
127	2282422	post	1249	654
127	2287423	post	1249	654
127	2292423	post	1249	654
127	2297423	post	1249	654
127	2302423	post	1249	654
127	2307423	post	1249	654
127	2312423	post	1249	654
127	2317427	post	1249	654
127	2322423	post	1249	654
127	2327423	post	1249	654
127	2332423	post	1249	654
127	2337423	post	1249	654
127	2342423	post	1249	654
127	2347424	post	1249	654
127	2352424	post	1249	654
127	2357424	post	1249	654
127	2362424	post	1249	654
127	2367424	post	1249	654
127	2372424	post	1249	654
127	2377424	post	1249	654
127	2382424	post	1249	654
127	2387424	post	1249	654
127	2392424	post	1249	654
127	2397424	post	1249	654
127	2402425	post	1249	654
127	2407425	post	1249	654
127	2412425	post	1249	654
127	2417497	post	1249	654
127	2422425	post	1249	654
127	2427425	post	1249	654
127	2432425	post	1249	654
127	2437425	post	1249	654
127	2442415	post	1249	654
127	2447416	post	1249	654
127	2452426	post	1249	654
127	2457425	post	1249	654
127	2462416	post	1249	654
127	2467416	post	1249	654
127	2472416	post	1249	654
127	2477416	post	1249	654
127	2482416	post	1249	654
127	2487415	post	1249	654
127	2492475	post	1249	654
127	2497416	post	1249	654
127	2502416	post	1249	654
127	2507416	post	1249	654
127	2512416	post	1249	654
127	2517416	post	1249	654
127	2522417	post	1249	654
127	2527417	post	1249	654
127	2532417	post	1249	654
127	2537415	post	1249	654
127	2542417	post	1249	654
127	2547448	post	1249	654
127	2552417	post	1249	654
127	2557417	post	1249	654
127	2562415	post	1249	654
127	2567417	post	1249	654
127	2572417	post	1249	654
127	2577418	post	1249	654
127	2582418	post	1249	654
127	2587418	post	1249	654
127	2592418	post	1249	654
127	2597415	post	1249	654
127	2602418	post	1249	654
127	2607418	post	1249	654
127	2612418	post	1249	654
127	2617418	post	1249	654
127	2622418	post	1249	654
127	2627418	post	1249	654
127	2632492	post	1249	654
127	2637419	post	1249	654
127	2642419	post	1249	654
127	2647420	post	1249	654
127	2652557	post	1249	654
127	2657419	post	1249	654
127	2662419	post	1249	654
127	2667419	post	1249	654
127	2672419	post	1249	654
127	2677457	post	1249	654
127	2682419	post	1249	654
127	2687419	post	1249	654
127	2692419	post	1249	654
127	2697420	post	1249	654
127	2702420	post	1249	654
127	2707420	post	1249	654
127	2712420	post	1249	654
127	2717420	post	1249	654
127	2722420	post	1249	654
127	2727420	post	1249	654
127	2732420	post	1249	654
127	2737420	post	1249	654
127	2742420	post	1249	654
127	2747420	post	1249	654
127	2752420	post	1249	654
127	2757442	post	1249	654
127	2762421	post	1249	654
127	2767421	post	1249	654
127	2772421	post	1249	654
127	2777421	post	1249	654
127	2782421	post	1249	654
127	2787421	post	1249	654
127	2792421	post	1249	654
127	2797421	post	1249	654
127	2802421	post	1249	654
127	2807421	post	1249	654
127	2812421	post	1249	654
127	2817421	post	1249	654
127	2822421	post	1249	654
127	2827422	post	1249	654
127	2832422	post	1249	654
127	2837422	post	1249	654
127	2842422	post	1249	654
127	2847422	post	1249	654
127	2852422	post	1249	654
127	2857422	post	1249	654
127	2862422	post	1249	654
127	2867422	post	1249	654
127	2872422	post	1249	654
127	2877422	post	1249	654
127	2882422	post	1249	654
127	2887422	post	1249	654
127	2892423	post	1249	654
127	2897423	post	1249	654
127	2902423	post	1249	654
127	2907423	post	1249	654
127	2912423	post	1249	654
127	2917423	post	1249	654
127	2922423	post	1249	654
127	2927423	post	1249	654
127	2932423	post	1249	654
127	2937423	post	1249	654
127	2942423	post	1249	654
127	2947423	post	1249	654
127	2952424	post	1249	654
127	2957424	post	1249	654
127	2962424	post	1249	654
127	2967424	post	1249	654
127	2972424	post	1249	654
127	2977424	post	1249	654
127	2982424	post	1249	654
127	2987424	post	1249	654
127	2992424	post	1249	654
127	2997424	post	1249	654
127	3002424	post	1249	654
127	3007424	post	1249	654
127	3012425	post	1249	654
127	3017425	post	1249	654
127	3022425	post	1249	654
127	3027425	post	1249	654
127	3032425	post	1249	654
127	3037425	post	1249	654
127	3042425	post	1249	654
127	3047425	post	1249	654
127	3052425	post	1249	654
127	3057425	post	1249	654
127	3062425	post	1249	654
127	3067425	post	1249	654
127	3072416	post	1249	654
127	3077416	post	1249	654
127	3082416	post	1249	654
127	3087416	post	1249	654
127	3092416	post	1249	654
127	3097416	post	1249	654
127	3102416	post	1249	654
127	3107416	post	1249	654
127	3112416	post	1249	654
127	3117416	post	1249	654
127	3122416	post	1249	654
127	3127416	post	1249	654
