127	1922787	post	1267	654
127	1927780	post	1267	654
127	1932786	post	1267	654
127	1937786	post	1267	654
127	1942786	post	1267	654
127	1947786	post	1267	654
127	1952787	post	1267	654
127	1957787	post	1267	654
127	1962787	post	1267	654
127	1967787	post	1267	654
127	1972787	post	1267	654
127	1977972	post	1267	654
127	1982787	post	1267	654
127	1987787	post	1267	654
127	1992787	post	1267	654
127	1997787	post	1267	654
127	2002788	post	1267	654
127	2007788	post	1267	654
127	2012788	post	1267	654
127	2017788	post	1267	654
127	2022788	post	1267	654
127	2027788	post	1267	654
127	2032788	post	1267	654
127	2037788	post	1267	654
127	2042788	post	1267	654
127	2047788	post	1267	654
127	2052788	post	1267	654
127	2057789	post	1267	654
127	2062789	post	1267	654
127	2067789	post	1267	654
127	2072789	post	1267	654
127	2077789	post	1267	654
127	2082789	post	1267	654
127	2087789	post	1267	654
127	2092789	post	1267	654
127	2097788	post	1267	654
127	2102789	post	1267	654
127	2107789	post	1267	654
127	2112790	post	1267	654
127	2117790	post	1267	654
127	2122790	post	1267	654
127	2127780	post	1267	654
127	2132810	post	1267	654
127	2137790	post	1267	654
127	2142782	post	1267	654
127	2147790	post	1267	654
127	2152790	post	1267	654
127	2157780	post	1267	654
127	2162790	post	1267	654
127	2167790	post	1267	654
127	2172791	post	1267	654
127	2177781	post	1267	654
127	2182781	post	1267	654
127	2187780	post	1267	654
127	2192781	post	1267	654
127	2197781	post	1267	654
127	2202781	post	1267	654
127	2207781	post	1267	654
127	2212781	post	1267	654
127	2217781	post	1267	654
127	2222783	post	1267	654
127	2227782	post	1267	654
127	2232781	post	1267	654
127	2237782	post	1267	654
127	2242782	post	1267	654
127	2247782	post	1267	654
127	2252782	post	1267	654
127	2257782	post	1267	654
127	2262781	post	1267	654
127	2267782	post	1267	654
127	2272781	post	1267	654
127	2277781	post	1267	654
127	2282782	post	1267	654
127	2287782	post	1267	654
127	2292782	post	1267	654
127	2297782	post	1267	654
127	2302783	post	1267	654
127	2307783	post	1267	654
127	2312782	post	1267	654
127	2317783	post	1267	654
127	2322783	post	1267	654
127	2327782	post	1267	654
127	2332783	post	1267	654
127	2337783	post	1267	654
127	2342803	post	1267	654
127	2347783	post	1267	654
127	2352783	post	1267	654
127	2357783	post	1267	654
127	2362784	post	1267	654
127	2367784	post	1267	654
127	2372784	post	1267	654
127	2377783	post	1267	654
127	2382783	post	1267	654
127	2387783	post	1267	654
127	2392783	post	1267	654
127	2397784	post	1267	654
127	2402784	post	1267	654
127	2407784	post	1267	654
127	2412784	post	1267	654
127	2417785	post	1267	654
127	2422785	post	1267	654
127	2427784	post	1267	654
127	2432784	post	1267	654
127	2437845	post	1267	654
127	2442810	post	1267	654
127	2447784	post	1267	654
127	2452785	post	1267	654
127	2457784	post	1267	654
127	2462785	post	1267	654
127	2467785	post	1267	654
127	2472785	post	1267	654
127	2477872	post	1267	654
127	2482785	post	1267	654
127	2487780	post	1267	654
127	2492786	post	1267	654
127	2497785	post	1267	654
127	2502785	post	1267	654
127	2507785	post	1267	654
127	2512786	post	1267	654
127	2517785	post	1267	654
127	2522796	post	1267	654
127	2527787	post	1267	654
127	2532786	post	1267	654
127	2537780	post	1267	654
127	2542787	post	1267	654
127	2547786	post	1267	654
127	2552787	post	1267	654
127	2557786	post	1267	654
127	2562780	post	1267	654
127	2567786	post	1267	654
127	2572881	post	1267	654
127	2577788	post	1267	654
127	2582788	post	1267	654
127	2587787	post	1267	654
127	2592787	post	1267	654
127	2597780	post	1267	654
127	2602787	post	1267	654
127	2607787	post	1267	654
127	2612788	post	1267	654
127	2617788	post	1267	654
127	2622788	post	1267	654
127	2627787	post	1267	654
127	2632787	post	1267	654
127	2637789	post	1267	654
127	2642789	post	1267	654
127	2647789	post	1267	654
127	2652789	post	1267	654
127	2657789	post	1267	654
127	2662837	post	1267	654
127	2667789	post	1267	654
127	2672789	post	1267	654
127	2677789	post	1267	654
127	2682788	post	1267	654
127	2687899	post	1267	654
127	2692789	post	1267	654
127	2697790	post	1267	654
127	2702790	post	1267	654
127	2707790	post	1267	654
127	2712790	post	1267	654
127	2717790	post	1267	654
127	2722790	post	1267	654
127	2727789	post	1267	654
127	2732790	post	1267	654
127	2737789	post	1267	654
127	2742789	post	1267	654
127	2747789	post	1267	654
127	2752790	post	1267	654
127	2757780	post	1267	654
127	2762780	post	1267	654
127	2767781	post	1267	654
127	2772780	post	1267	654
127	2777780	post	1267	654
127	2782781	post	1267	654
127	2787780	post	1267	654
127	2792781	post	1267	654
127	2797780	post	1267	654
127	2802781	post	1267	654
127	2807780	post	1267	654
127	2812781	post	1267	654
127	2817780	post	1267	654
127	2822781	post	1267	654
127	2827782	post	1267	654
127	2832782	post	1267	654
127	2837782	post	1267	654
127	2842782	post	1267	654
127	2847781	post	1267	654
127	2852782	post	1267	654
127	2857782	post	1267	654
127	2862781	post	1267	654
127	2867781	post	1267	654
127	2872782	post	1267	654
127	2877782	post	1267	654
127	2882782	post	1267	654
127	2887782	post	1267	654
127	2892782	post	1267	654
127	2897782	post	1267	654
127	2902783	post	1267	654
127	2907783	post	1267	654
127	2912782	post	1267	654
127	2917783	post	1267	654
127	2922783	post	1267	654
127	2927783	post	1267	654
127	2932782	post	1267	654
127	2937783	post	1267	654
127	2942783	post	1267	654
127	2947783	post	1267	654
127	2952784	post	1267	654
127	2957784	post	1267	654
127	2962784	post	1267	654
127	2967784	post	1267	654
127	2972784	post	1267	654
127	2977784	post	1267	654
127	2982784	post	1267	654
127	2987784	post	1267	654
127	2992784	post	1267	654
127	2997784	post	1267	654
127	3002784	post	1267	654
127	3007784	post	1267	654
127	3012785	post	1267	654
127	3017785	post	1267	654
127	3022785	post	1267	654
127	3027785	post	1267	654
127	3032785	post	1267	654
127	3037785	post	1267	654
127	3042785	post	1267	654
127	3047785	post	1267	654
127	3052785	post	1267	654
127	3057785	post	1267	654
127	3062785	post	1267	654
127	3067785	post	1267	654
127	3072786	post	1267	654
127	3077786	post	1267	654
127	3082786	post	1267	654
127	3087786	post	1267	654
127	3092786	post	1267	654
127	3097786	post	1267	654
127	3102786	post	1267	654
127	3107787	post	1267	654
127	3112785	post	1267	654
127	3117786	post	1267	654
127	3122786	post	1267	654
