127	1922594	post	1285	654
127	1927560	post	1285	654
127	1932566	post	1285	654
127	1937566	post	1285	654
127	1942566	post	1285	654
127	1947566	post	1285	654
127	1952567	post	1285	654
127	1957567	post	1285	654
127	1962567	post	1285	654
127	1967566	post	1285	654
127	1972566	post	1285	654
127	1977567	post	1285	654
127	1982566	post	1285	654
127	1987567	post	1285	654
127	1992566	post	1285	654
127	1997566	post	1285	654
127	2002567	post	1285	654
127	2007567	post	1285	654
127	2012567	post	1285	654
127	2017567	post	1285	654
127	2022568	post	1285	654
127	2027567	post	1285	654
127	2032567	post	1285	654
127	2037568	post	1285	654
127	2042568	post	1285	654
127	2047567	post	1285	654
127	2052567	post	1285	654
127	2057568	post	1285	654
127	2062589	post	1285	654
127	2067568	post	1285	654
127	2072568	post	1285	654
127	2077568	post	1285	654
127	2082568	post	1285	654
127	2087568	post	1285	654
127	2092569	post	1285	654
127	2097568	post	1285	654
127	2102568	post	1285	654
127	2107568	post	1285	654
127	2112559	post	1285	654
127	2117559	post	1285	654
127	2122559	post	1285	654
127	2127559	post	1285	654
127	2132569	post	1285	654
127	2137559	post	1285	654
127	2142559	post	1285	654
127	2147559	post	1285	654
127	2152559	post	1285	654
127	2157559	post	1285	654
127	2162569	post	1285	654
127	2167559	post	1285	654
127	2172651	post	1285	654
127	2177561	post	1285	654
127	2182559	post	1285	654
127	2187560	post	1285	654
127	2192560	post	1285	654
127	2197560	post	1285	654
127	2202560	post	1285	654
127	2207560	post	1285	654
127	2212559	post	1285	654
127	2217560	post	1285	654
127	2222560	post	1285	654
127	2227562	post	1285	654
127	2232561	post	1285	654
127	2237561	post	1285	654
127	2242561	post	1285	654
127	2247561	post	1285	654
127	2252561	post	1285	654
127	2257561	post	1285	654
127	2262561	post	1285	654
127	2267561	post	1285	654
127	2272561	post	1285	654
127	2277561	post	1285	654
127	2282561	post	1285	654
127	2287562	post	1285	654
127	2292562	post	1285	654
127	2297562	post	1285	654
127	2302562	post	1285	654
127	2307562	post	1285	654
127	2312562	post	1285	654
127	2317563	post	1285	654
127	2322562	post	1285	654
127	2327562	post	1285	654
127	2332562	post	1285	654
127	2337562	post	1285	654
127	2342562	post	1285	654
127	2347563	post	1285	654
127	2352563	post	1285	654
127	2357563	post	1285	654
127	2362563	post	1285	654
127	2367563	post	1285	654
127	2372563	post	1285	654
127	2377563	post	1285	654
127	2382563	post	1285	654
127	2387563	post	1285	654
127	2392563	post	1285	654
127	2397563	post	1285	654
127	2402564	post	1285	654
127	2407564	post	1285	654
127	2412564	post	1285	654
127	2417564	post	1285	654
127	2422564	post	1285	654
127	2427564	post	1285	654
127	2432564	post	1285	654
127	2437564	post	1285	654
127	2442559	post	1285	654
127	2447559	post	1285	654
127	2452564	post	1285	654
127	2457564	post	1285	654
127	2462565	post	1285	654
127	2467565	post	1285	654
127	2472565	post	1285	654
127	2477565	post	1285	654
127	2482565	post	1285	654
127	2487559	post	1285	654
127	2492565	post	1285	654
127	2497565	post	1285	654
127	2502565	post	1285	654
127	2507565	post	1285	654
127	2512566	post	1285	654
127	2517565	post	1285	654
127	2522566	post	1285	654
127	2527566	post	1285	654
127	2532566	post	1285	654
127	2537559	post	1285	654
127	2542566	post	1285	654
127	2547566	post	1285	654
127	2552566	post	1285	654
127	2557566	post	1285	654
127	2562559	post	1285	654
127	2567566	post	1285	654
127	2572566	post	1285	654
127	2577567	post	1285	654
127	2582567	post	1285	654
127	2587567	post	1285	654
127	2592567	post	1285	654
127	2597559	post	1285	654
127	2602567	post	1285	654
127	2607567	post	1285	654
127	2612567	post	1285	654
127	2617567	post	1285	654
127	2622567	post	1285	654
127	2627567	post	1285	654
127	2632567	post	1285	654
127	2637568	post	1285	654
127	2642568	post	1285	654
127	2647568	post	1285	654
127	2652569	post	1285	654
127	2657568	post	1285	654
127	2662568	post	1285	654
127	2667569	post	1285	654
127	2672568	post	1285	654
127	2677569	post	1285	654
127	2682568	post	1285	654
127	2687569	post	1285	654
127	2692568	post	1285	654
127	2697559	post	1285	654
127	2702559	post	1285	654
127	2707559	post	1285	654
127	2712559	post	1285	654
127	2717559	post	1285	654
127	2722559	post	1285	654
127	2727559	post	1285	654
127	2732559	post	1285	654
127	2737559	post	1285	654
127	2742559	post	1285	654
127	2747559	post	1285	654
127	2752559	post	1285	654
127	2757560	post	1285	654
127	2762560	post	1285	654
127	2767560	post	1285	654
127	2772560	post	1285	654
127	2777560	post	1285	654
127	2782560	post	1285	654
127	2787560	post	1285	654
127	2792560	post	1285	654
127	2797560	post	1285	654
127	2802560	post	1285	654
127	2807560	post	1285	654
127	2812560	post	1285	654
127	2817560	post	1285	654
127	2822560	post	1285	654
127	2827561	post	1285	654
127	2832561	post	1285	654
127	2837561	post	1285	654
127	2842561	post	1285	654
127	2847561	post	1285	654
127	2852561	post	1285	654
127	2857561	post	1285	654
127	2862561	post	1285	654
127	2867561	post	1285	654
127	2872561	post	1285	654
127	2877561	post	1285	654
127	2882561	post	1285	654
127	2887561	post	1285	654
127	2892562	post	1285	654
127	2897562	post	1285	654
127	2902562	post	1285	654
127	2907562	post	1285	654
127	2912562	post	1285	654
127	2917562	post	1285	654
127	2922562	post	1285	654
127	2927562	post	1285	654
127	2932562	post	1285	654
127	2937562	post	1285	654
127	2942562	post	1285	654
127	2947562	post	1285	654
127	2952564	post	1285	654
127	2957563	post	1285	654
127	2962563	post	1285	654
127	2967563	post	1285	654
127	2972563	post	1285	654
127	2977563	post	1285	654
127	2982563	post	1285	654
127	2987563	post	1285	654
127	2992563	post	1285	654
127	2997563	post	1285	654
127	3002563	post	1285	654
127	3007563	post	1285	654
127	3012564	post	1285	654
127	3017564	post	1285	654
127	3022564	post	1285	654
127	3027564	post	1285	654
127	3032564	post	1285	654
127	3037564	post	1285	654
127	3042564	post	1285	654
127	3047564	post	1285	654
127	3052564	post	1285	654
127	3057564	post	1285	654
127	3062564	post	1285	654
127	3067564	post	1285	654
127	3072565	post	1285	654
127	3077565	post	1285	654
127	3082565	post	1285	654
127	3087565	post	1285	654
127	3092565	post	1285	654
127	3097565	post	1285	654
127	3102565	post	1285	654
127	3107566	post	1285	654
127	3112565	post	1285	654
127	3117565	post	1285	654
127	3122565	post	1285	654
