127	1922857	post	1291	654
127	1927847	post	1291	654
127	1932856	post	1291	654
127	1937856	post	1291	654
127	1942856	post	1291	654
127	1947856	post	1291	654
127	1952847	post	1291	654
127	1957848	post	1291	654
127	1962847	post	1291	654
127	1967849	post	1291	654
127	1972857	post	1291	654
127	1977964	post	1291	654
127	1982849	post	1291	654
127	1987847	post	1291	654
127	1992847	post	1291	654
127	1997847	post	1291	654
127	2002848	post	1291	654
127	2007848	post	1291	654
127	2012848	post	1291	654
127	2017852	post	1291	654
127	2022853	post	1291	654
127	2027852	post	1291	654
127	2032848	post	1291	654
127	2037854	post	1291	654
127	2042852	post	1291	654
127	2047852	post	1291	654
127	2052852	post	1291	654
127	2057849	post	1291	654
127	2062876	post	1291	654
127	2067849	post	1291	654
127	2072849	post	1291	654
127	2077849	post	1291	654
127	2082854	post	1291	654
127	2087857	post	1291	654
127	2092849	post	1291	654
127	2097854	post	1291	654
127	2102852	post	1291	654
127	2107849	post	1291	654
127	2112850	post	1291	654
127	2117855	post	1291	654
127	2122850	post	1291	654
127	2127849	post	1291	654
127	2132850	post	1291	654
127	2137850	post	1291	654
127	2142849	post	1291	654
127	2147850	post	1291	654
127	2152855	post	1291	654
127	2157849	post	1291	654
127	2162850	post	1291	654
127	2167849	post	1291	654
127	2172851	post	1291	654
127	2177851	post	1291	654
127	2182851	post	1291	654
127	2187851	post	1291	654
127	2192856	post	1291	654
127	2197851	post	1291	654
127	2202856	post	1291	654
127	2207851	post	1291	654
127	2212851	post	1291	654
127	2217851	post	1291	654
127	2222851	post	1291	654
127	2227852	post	1291	654
127	2232852	post	1291	654
127	2237852	post	1291	654
127	2242852	post	1291	654
127	2247857	post	1291	654
127	2252851	post	1291	654
127	2257857	post	1291	654
127	2262857	post	1291	654
127	2267852	post	1291	654
127	2272863	post	1291	654
127	2277858	post	1291	654
127	2282857	post	1291	654
127	2287858	post	1291	654
127	2292852	post	1291	654
127	2297853	post	1291	654
127	2302859	post	1291	654
127	2307858	post	1291	654
127	2312852	post	1291	654
127	2317853	post	1291	654
127	2322853	post	1291	654
127	2327852	post	1291	654
127	2332852	post	1291	654
127	2337857	post	1291	654
127	2342853	post	1291	654
127	2347858	post	1291	654
127	2352853	post	1291	654
127	2357853	post	1291	654
127	2362859	post	1291	654
127	2367859	post	1291	654
127	2372854	post	1291	654
127	2377853	post	1291	654
127	2382859	post	1291	654
127	2387853	post	1291	654
127	2392854	post	1291	654
127	2397860	post	1291	654
127	2402855	post	1291	654
127	2407854	post	1291	654
127	2412861	post	1291	654
127	2417855	post	1291	654
127	2422861	post	1291	654
127	2427860	post	1291	654
127	2432860	post	1291	654
127	2437854	post	1291	654
127	2442854	post	1291	654
127	2447854	post	1291	654
127	2452855	post	1291	654
127	2457861	post	1291	654
127	2462861	post	1291	654
127	2467862	post	1291	654
127	2472855	post	1291	654
127	2477871	post	1291	654
127	2482855	post	1291	654
127	2487855	post	1291	654
127	2492856	post	1291	654
127	2497855	post	1291	654
127	2502861	post	1291	654
127	2507967	post	1291	654
127	2512855	post	1291	654
127	2517856	post	1291	654
127	2522847	post	1291	654
127	2527853	post	1291	654
127	2532856	post	1291	654
127	2537852	post	1291	654
127	2542852	post	1291	654
127	2547846	post	1291	654
127	2552847	post	1291	654
127	2557852	post	1291	654
127	2562852	post	1291	654
127	2567852	post	1291	654
127	2572882	post	1291	654
127	2577854	post	1291	654
127	2582848	post	1291	654
127	2587853	post	1291	654
127	2592853	post	1291	654
127	2597846	post	1291	654
127	2602853	post	1291	654
127	2607850	post	1291	654
127	2612848	post	1291	654
127	2617853	post	1291	654
127	2622847	post	1291	654
127	2627847	post	1291	654
127	2632848	post	1291	654
127	2637855	post	1291	654
127	2642855	post	1291	654
127	2647854	post	1291	654
127	2652849	post	1291	654
127	2657853	post	1291	654
127	2662853	post	1291	654
127	2667848	post	1291	654
127	2672855	post	1291	654
127	2677849	post	1291	654
127	2682848	post	1291	654
127	2687898	post	1291	654
127	2692849	post	1291	654
127	2697858	post	1291	654
127	2702856	post	1291	654
127	2707849	post	1291	654
127	2712855	post	1291	654
127	2717854	post	1291	654
127	2722856	post	1291	654
127	2727850	post	1291	654
127	2732854	post	1291	654
127	2737856	post	1291	654
127	2742855	post	1291	654
127	2747855	post	1291	654
127	2752855	post	1291	654
127	2757857	post	1291	654
127	2762850	post	1291	654
127	2767850	post	1291	654
127	2772851	post	1291	654
127	2777855	post	1291	654
127	2782851	post	1291	654
127	2787856	post	1291	654
127	2792851	post	1291	654
127	2797856	post	1291	654
127	2802856	post	1291	654
127	2807851	post	1291	654
127	2812856	post	1291	654
127	2817856	post	1291	654
127	2822855	post	1291	654
127	2827857	post	1291	654
127	2832852	post	1291	654
127	2837857	post	1291	654
127	2842858	post	1291	654
127	2847857	post	1291	654
127	2852852	post	1291	654
127	2857851	post	1291	654
127	2862851	post	1291	654
127	2867852	post	1291	654
127	2872857	post	1291	654
127	2877858	post	1291	654
127	2882852	post	1291	654
127	2887857	post	1291	654
127	2892858	post	1291	654
127	2897857	post	1291	654
127	2902853	post	1291	654
127	2907859	post	1291	654
127	2912853	post	1291	654
127	2917858	post	1291	654
127	2922853	post	1291	654
127	2927857	post	1291	654
127	2932853	post	1291	654
127	2937863	post	1291	654
127	2942853	post	1291	654
127	2947858	post	1291	654
127	2952859	post	1291	654
127	2957854	post	1291	654
127	2962854	post	1291	654
127	2967854	post	1291	654
127	2972854	post	1291	654
127	2977859	post	1291	654
127	2982854	post	1291	654
127	2987858	post	1291	654
127	2992859	post	1291	654
127	2997854	post	1291	654
127	3002854	post	1291	654
127	3007854	post	1291	654
127	3012855	post	1291	654
127	3017859	post	1291	654
127	3022860	post	1291	654
127	3027855	post	1291	654
127	3032861	post	1291	654
127	3037855	post	1291	654
127	3042855	post	1291	654
127	3047861	post	1291	654
127	3052855	post	1291	654
127	3057855	post	1291	654
127	3062855	post	1291	654
127	3067861	post	1291	654
127	3072862	post	1291	654
127	3077863	post	1291	654
127	3082861	post	1291	654
127	3087856	post	1291	654
127	3092863	post	1291	654
127	3097856	post	1291	654
127	3102856	post	1291	654
127	3107856	post	1291	654
127	3112856	post	1291	654
127	3117856	post	1291	654
127	3122856	post	1291	654
