127	1922604	post	1302	654
127	1927560	post	1302	654
127	1932566	post	1302	654
127	1937566	post	1302	654
127	1942566	post	1302	654
127	1947566	post	1302	654
127	1952567	post	1302	654
127	1957567	post	1302	654
127	1962567	post	1302	654
127	1967567	post	1302	654
127	1972567	post	1302	654
127	1977567	post	1302	654
127	1982567	post	1302	654
127	1987567	post	1302	654
127	1992567	post	1302	654
127	1997567	post	1302	654
127	2002568	post	1302	654
127	2007568	post	1302	654
127	2012568	post	1302	654
127	2017568	post	1302	654
127	2022568	post	1302	654
127	2027568	post	1302	654
127	2032568	post	1302	654
127	2037568	post	1302	654
127	2042568	post	1302	654
127	2047568	post	1302	654
127	2052568	post	1302	654
127	2057569	post	1302	654
127	2062589	post	1302	654
127	2067569	post	1302	654
127	2072569	post	1302	654
127	2077569	post	1302	654
127	2082569	post	1302	654
127	2087569	post	1302	654
127	2092569	post	1302	654
127	2097569	post	1302	654
127	2102569	post	1302	654
127	2107569	post	1302	654
127	2112560	post	1302	654
127	2117560	post	1302	654
127	2122560	post	1302	654
127	2127559	post	1302	654
127	2132570	post	1302	654
127	2137560	post	1302	654
127	2142559	post	1302	654
127	2147560	post	1302	654
127	2152560	post	1302	654
127	2157559	post	1302	654
127	2162570	post	1302	654
127	2167560	post	1302	654
127	2172652	post	1302	654
127	2177561	post	1302	654
127	2182559	post	1302	654
127	2187561	post	1302	654
127	2192561	post	1302	654
127	2197561	post	1302	654
127	2202561	post	1302	654
127	2207561	post	1302	654
127	2212559	post	1302	654
127	2217561	post	1302	654
127	2222561	post	1302	654
127	2227562	post	1302	654
127	2232562	post	1302	654
127	2237562	post	1302	654
127	2242562	post	1302	654
127	2247562	post	1302	654
127	2252562	post	1302	654
127	2257562	post	1302	654
127	2262562	post	1302	654
127	2267562	post	1302	654
127	2272562	post	1302	654
127	2277562	post	1302	654
127	2282562	post	1302	654
127	2287563	post	1302	654
127	2292563	post	1302	654
127	2297563	post	1302	654
127	2302563	post	1302	654
127	2307563	post	1302	654
127	2312563	post	1302	654
127	2317563	post	1302	654
127	2322563	post	1302	654
127	2327563	post	1302	654
127	2332563	post	1302	654
127	2337563	post	1302	654
127	2342563	post	1302	654
127	2347564	post	1302	654
127	2352564	post	1302	654
127	2357564	post	1302	654
127	2362564	post	1302	654
127	2367564	post	1302	654
127	2372564	post	1302	654
127	2377564	post	1302	654
127	2382564	post	1302	654
127	2387564	post	1302	654
127	2392564	post	1302	654
127	2397564	post	1302	654
127	2402565	post	1302	654
127	2407565	post	1302	654
127	2412565	post	1302	654
127	2417565	post	1302	654
127	2422565	post	1302	654
127	2427565	post	1302	654
127	2432565	post	1302	654
127	2437565	post	1302	654
127	2442559	post	1302	654
127	2447560	post	1302	654
127	2452565	post	1302	654
127	2457565	post	1302	654
127	2462566	post	1302	654
127	2467566	post	1302	654
127	2472566	post	1302	654
127	2477566	post	1302	654
127	2482566	post	1302	654
127	2487560	post	1302	654
127	2492566	post	1302	654
127	2497566	post	1302	654
127	2502566	post	1302	654
127	2507566	post	1302	654
127	2512566	post	1302	654
127	2517566	post	1302	654
127	2522567	post	1302	654
127	2527567	post	1302	654
127	2532567	post	1302	654
127	2537559	post	1302	654
127	2542567	post	1302	654
127	2547567	post	1302	654
127	2552567	post	1302	654
127	2557567	post	1302	654
127	2562559	post	1302	654
127	2567567	post	1302	654
127	2572567	post	1302	654
127	2577568	post	1302	654
127	2582568	post	1302	654
127	2587568	post	1302	654
127	2592568	post	1302	654
127	2597559	post	1302	654
127	2602568	post	1302	654
127	2607568	post	1302	654
127	2612568	post	1302	654
127	2617568	post	1302	654
127	2622568	post	1302	654
127	2627568	post	1302	654
127	2632568	post	1302	654
127	2637569	post	1302	654
127	2642569	post	1302	654
127	2647569	post	1302	654
127	2652569	post	1302	654
127	2657569	post	1302	654
127	2662569	post	1302	654
127	2667569	post	1302	654
127	2672569	post	1302	654
127	2677569	post	1302	654
127	2682569	post	1302	654
127	2687569	post	1302	654
127	2692569	post	1302	654
127	2697560	post	1302	654
127	2702560	post	1302	654
127	2707560	post	1302	654
127	2712560	post	1302	654
127	2717560	post	1302	654
127	2722560	post	1302	654
127	2727560	post	1302	654
127	2732560	post	1302	654
127	2737560	post	1302	654
127	2742560	post	1302	654
127	2747560	post	1302	654
127	2752560	post	1302	654
127	2757561	post	1302	654
127	2762561	post	1302	654
127	2767561	post	1302	654
127	2772561	post	1302	654
127	2777561	post	1302	654
127	2782561	post	1302	654
127	2787561	post	1302	654
127	2792561	post	1302	654
127	2797561	post	1302	654
127	2802561	post	1302	654
127	2807561	post	1302	654
127	2812561	post	1302	654
127	2817561	post	1302	654
127	2822561	post	1302	654
127	2827562	post	1302	654
127	2832562	post	1302	654
127	2837562	post	1302	654
127	2842562	post	1302	654
127	2847562	post	1302	654
127	2852562	post	1302	654
127	2857562	post	1302	654
127	2862562	post	1302	654
127	2867562	post	1302	654
127	2872562	post	1302	654
127	2877562	post	1302	654
127	2882562	post	1302	654
127	2887562	post	1302	654
127	2892563	post	1302	654
127	2897563	post	1302	654
127	2902563	post	1302	654
127	2907563	post	1302	654
127	2912563	post	1302	654
127	2917563	post	1302	654
127	2922563	post	1302	654
127	2927563	post	1302	654
127	2932563	post	1302	654
127	2937563	post	1302	654
127	2942563	post	1302	654
127	2947563	post	1302	654
127	2952564	post	1302	654
127	2957564	post	1302	654
127	2962564	post	1302	654
127	2967564	post	1302	654
127	2972564	post	1302	654
127	2977564	post	1302	654
127	2982564	post	1302	654
127	2987564	post	1302	654
127	2992564	post	1302	654
127	2997564	post	1302	654
127	3002564	post	1302	654
127	3007564	post	1302	654
127	3012565	post	1302	654
127	3017565	post	1302	654
127	3022565	post	1302	654
127	3027565	post	1302	654
127	3032565	post	1302	654
127	3037565	post	1302	654
127	3042565	post	1302	654
127	3047565	post	1302	654
127	3052565	post	1302	654
127	3057565	post	1302	654
127	3062565	post	1302	654
127	3067565	post	1302	654
127	3072566	post	1302	654
127	3077566	post	1302	654
127	3082566	post	1302	654
127	3087566	post	1302	654
127	3092566	post	1302	654
127	3097566	post	1302	654
127	3102566	post	1302	654
127	3107566	post	1302	654
127	3112566	post	1302	654
127	3117566	post	1302	654
127	3122566	post	1302	654
