127	1922617	post	1354	654
127	1927613	post	1354	654
127	1932616	post	1354	654
127	1937616	post	1354	654
127	1942616	post	1354	654
127	1947616	post	1354	654
127	1952617	post	1354	654
127	1957617	post	1354	654
127	1962617	post	1354	654
127	1967617	post	1354	654
127	1972617	post	1354	654
127	1977617	post	1354	654
127	1982617	post	1354	654
127	1987617	post	1354	654
127	1992617	post	1354	654
127	1997617	post	1354	654
127	2002618	post	1354	654
127	2007618	post	1354	654
127	2012618	post	1354	654
127	2017618	post	1354	654
127	2022618	post	1354	654
127	2027618	post	1354	654
127	2032618	post	1354	654
127	2037618	post	1354	654
127	2042618	post	1354	654
127	2047618	post	1354	654
127	2052618	post	1354	654
127	2057619	post	1354	654
127	2062619	post	1354	654
127	2067619	post	1354	654
127	2072619	post	1354	654
127	2077619	post	1354	654
127	2082619	post	1354	654
127	2087619	post	1354	654
127	2092619	post	1354	654
127	2097618	post	1354	654
127	2102619	post	1354	654
127	2107619	post	1354	654
127	2112620	post	1354	654
127	2117620	post	1354	654
127	2122620	post	1354	654
127	2127619	post	1354	654
127	2132620	post	1354	654
127	2137620	post	1354	654
127	2142617	post	1354	654
127	2147619	post	1354	654
127	2152620	post	1354	654
127	2157612	post	1354	654
127	2162620	post	1354	654
127	2167620	post	1354	654
127	2172651	post	1354	654
127	2177621	post	1354	654
127	2182620	post	1354	654
127	2187621	post	1354	654
127	2192621	post	1354	654
127	2197621	post	1354	654
127	2202620	post	1354	654
127	2207620	post	1354	654
127	2212621	post	1354	654
127	2217621	post	1354	654
127	2222621	post	1354	654
127	2227622	post	1354	654
127	2232621	post	1354	654
127	2237622	post	1354	654
127	2242621	post	1354	654
127	2247622	post	1354	654
127	2252621	post	1354	654
127	2257622	post	1354	654
127	2262621	post	1354	654
127	2267622	post	1354	654
127	2272621	post	1354	654
127	2277621	post	1354	654
127	2282621	post	1354	654
127	2287612	post	1354	654
127	2292613	post	1354	654
127	2297613	post	1354	654
127	2302613	post	1354	654
127	2307612	post	1354	654
127	2312613	post	1354	654
127	2317613	post	1354	654
127	2322613	post	1354	654
127	2327613	post	1354	654
127	2332612	post	1354	654
127	2337613	post	1354	654
127	2342612	post	1354	654
127	2347613	post	1354	654
127	2352613	post	1354	654
127	2357614	post	1354	654
127	2362613	post	1354	654
127	2367613	post	1354	654
127	2372613	post	1354	654
127	2377613	post	1354	654
127	2382614	post	1354	654
127	2387613	post	1354	654
127	2392613	post	1354	654
127	2397613	post	1354	654
127	2402614	post	1354	654
127	2407614	post	1354	654
127	2412614	post	1354	654
127	2417615	post	1354	654
127	2422614	post	1354	654
127	2427614	post	1354	654
127	2432615	post	1354	654
127	2437614	post	1354	654
127	2442612	post	1354	654
127	2447618	post	1354	654
127	2452615	post	1354	654
127	2457615	post	1354	654
127	2462615	post	1354	654
127	2467615	post	1354	654
127	2472615	post	1354	654
127	2477615	post	1354	654
127	2482615	post	1354	654
127	2487612	post	1354	654
127	2492616	post	1354	654
127	2497616	post	1354	654
127	2502616	post	1354	654
127	2507615	post	1354	654
127	2512616	post	1354	654
127	2517615	post	1354	654
127	2522616	post	1354	654
127	2527617	post	1354	654
127	2532616	post	1354	654
127	2537612	post	1354	654
127	2542617	post	1354	654
127	2547616	post	1354	654
127	2552616	post	1354	654
127	2557617	post	1354	654
127	2562612	post	1354	654
127	2567616	post	1354	654
127	2572616	post	1354	654
127	2577618	post	1354	654
127	2582617	post	1354	654
127	2587618	post	1354	654
127	2592617	post	1354	654
127	2597612	post	1354	654
127	2602618	post	1354	654
127	2607618	post	1354	654
127	2612617	post	1354	654
127	2617618	post	1354	654
127	2622617	post	1354	654
127	2627617	post	1354	654
127	2632617	post	1354	654
127	2637618	post	1354	654
127	2642619	post	1354	654
127	2647618	post	1354	654
127	2652619	post	1354	654
127	2657618	post	1354	654
127	2662619	post	1354	654
127	2667619	post	1354	654
127	2672619	post	1354	654
127	2677619	post	1354	654
127	2682619	post	1354	654
127	2687619	post	1354	654
127	2692619	post	1354	654
127	2697620	post	1354	654
127	2702619	post	1354	654
127	2707619	post	1354	654
127	2712619	post	1354	654
127	2717620	post	1354	654
127	2722619	post	1354	654
127	2727620	post	1354	654
127	2732620	post	1354	654
127	2737620	post	1354	654
127	2742620	post	1354	654
127	2747619	post	1354	654
127	2752620	post	1354	654
127	2757621	post	1354	654
127	2762621	post	1354	654
127	2767621	post	1354	654
127	2772620	post	1354	654
127	2777621	post	1354	654
127	2782621	post	1354	654
127	2787620	post	1354	654
127	2792621	post	1354	654
127	2797621	post	1354	654
127	2802621	post	1354	654
127	2807621	post	1354	654
127	2812620	post	1354	654
127	2817620	post	1354	654
127	2822620	post	1354	654
127	2827622	post	1354	654
127	2832622	post	1354	654
127	2837621	post	1354	654
127	2842621	post	1354	654
127	2847621	post	1354	654
127	2852621	post	1354	654
127	2857622	post	1354	654
127	2862622	post	1354	654
127	2867621	post	1354	654
127	2872621	post	1354	654
127	2877621	post	1354	654
127	2882621	post	1354	654
127	2887621	post	1354	654
127	2892613	post	1354	654
127	2897612	post	1354	654
127	2902613	post	1354	654
127	2907612	post	1354	654
127	2912612	post	1354	654
127	2917612	post	1354	654
127	2922613	post	1354	654
127	2927613	post	1354	654
127	2932612	post	1354	654
127	2937612	post	1354	654
127	2942613	post	1354	654
127	2947613	post	1354	654
127	2952614	post	1354	654
127	2957614	post	1354	654
127	2962614	post	1354	654
127	2967614	post	1354	654
127	2972614	post	1354	654
127	2977614	post	1354	654
127	2982614	post	1354	654
127	2987614	post	1354	654
127	2992614	post	1354	654
127	2997614	post	1354	654
127	3002614	post	1354	654
127	3007613	post	1354	654
127	3012614	post	1354	654
127	3017615	post	1354	654
127	3022615	post	1354	654
127	3027615	post	1354	654
127	3032615	post	1354	654
127	3037615	post	1354	654
127	3042708	post	1354	654
127	3047615	post	1354	654
127	3052615	post	1354	654
127	3057615	post	1354	654
127	3062615	post	1354	654
127	3067615	post	1354	654
127	3072616	post	1354	654
127	3077616	post	1354	654
127	3082616	post	1354	654
127	3087616	post	1354	654
127	3092616	post	1354	654
127	3097616	post	1354	654
127	3102616	post	1354	654
127	3107616	post	1354	654
127	3112616	post	1354	654
127	3117616	post	1354	654
127	3122616	post	1354	654
