127	1881902	post	337	452
127	1884661	post	337	501
127	1887809	post	337	550
127	1887809	post	337	599
127	1896179	post	337	648
127	1896181	post	337	697
127	1896436	post	337	746
127	1896438	post	337	795
127	1897812	post	337	844
127	1897813	post	337	893
127	1911436	post	337	943
127	1911772	post	337	993
127	1917900	post	337	1043
127	1917902	post	337	1093
127	1917903	post	337	1142
127	1917904	post	337	1191
127	1917904	post	337	1240
127	1917905	post	337	1290
127	1917905	post	337	1340
127	1917906	post	337	1389
127	1917907	post	337	1439
127	1917907	post	337	1488
127	1917908	post	337	1538
127	1917908	post	337	1588
127	1921092	post	337	1637
127	1921093	post	337	1687
127	1921094	post	337	1736
127	1921095	post	337	1786
127	1921096	post	337	1836
127	1921096	post	337	1885
127	1921096	post	337	1935
127	1921097	post	337	1985
127	1921098	post	337	2035
127	1921098	post	337	2085
127	1921099	post	337	2134
127	1921099	post	337	2183
127	1921099	post	337	2233
127	1921100	post	337	2283
127	1921100	post	337	2333
127	1921101	post	337	2382
127	1921101	post	337	2432
127	1926449	post	337	2482
127	1926449	post	337	2531
127	1926449	post	337	2581
127	1926451	post	337	2630
127	1926452	post	337	2679
127	1926452	post	337	2729
127	1926453	post	337	2779
127	1926454	post	337	2828
127	1926454	post	337	2878
127	1926455	post	337	2927
127	1926455	post	337	2976
127	1926456	post	337	3026
127	1926456	post	337	3076
127	1930089	post	337	3125
127	1930090	post	337	3175
127	1930091	post	337	3224
127	1930091	post	337	3274
127	1930092	post	337	3323
127	1930093	post	337	3372
127	1930094	post	337	3422
127	1930095	post	337	3472
127	1930096	post	337	3521
127	1930096	post	337	3571
127	1930097	post	337	3621
127	1930098	post	337	3671
127	1930098	post	337	3721
127	1930099	post	337	3771
127	1930100	post	337	3821
127	1930100	post	337	3871
127	1930101	post	337	3921
127	1930101	post	337	3971
127	1930102	post	337	4021
127	1932805	post	337	4071
127	1932808	post	337	4121
127	1932809	post	337	4171
127	1932810	post	337	4221
127	1932814	post	337	4271
127	1932815	post	337	4321
127	1932815	post	337	4371
127	1932816	post	337	4421
127	1932817	post	337	4471
127	1932818	post	337	4521
127	1934666	post	337	4571
127	1934666	post	337	4621
127	1934668	post	337	4671
127	1934669	post	337	4721
127	1934670	post	337	4771
127	1934672	post	337	4821
127	1934673	post	337	4871
127	1941459	post	337	4921
127	1941459	post	337	4970
127	1941460	post	337	5020
127	1941462	post	337	5070
127	1941462	post	337	5120
127	1941463	post	337	5170
127	1941464	post	337	5220
127	1941473	post	337	5270
127	1941879	post	337	5320
127	1941880	post	337	5370
127	1941881	post	337	5419
127	1947830	post	337	5469
127	1956469	post	337	5519
127	1974279	post	337	5569
127	1974283	post	337	5619
127	1987389	post	337	5669
127	2011379	post	337	5718
127	2024513	post	337	5767
127	2104372	post	337	5817
127	2108611	post	337	5867
127	2133578	post	337	5916
127	2159535	post	337	5966
127	2160200	post	337	6016
