127	1881898	post	338	452
127	1884660	post	338	501
127	1887807	post	338	550
127	1887808	post	338	599
127	1896178	post	338	648
127	1896179	post	338	697
127	1896434	post	338	746
127	1896435	post	338	795
127	1897811	post	338	844
127	1897811	post	338	893
127	1911436	post	338	943
127	1911771	post	338	993
127	1917899	post	338	1043
127	1917899	post	338	1092
127	1917900	post	338	1142
127	1917900	post	338	1191
127	1917902	post	338	1240
127	1917903	post	338	1290
127	1917903	post	338	1340
127	1917903	post	338	1389
127	1917904	post	338	1439
127	1917905	post	338	1489
127	1917906	post	338	1539
127	1917907	post	338	1588
127	1921091	post	338	1638
127	1921091	post	338	1687
127	1921092	post	338	1737
127	1921092	post	338	1786
127	1921093	post	338	1836
127	1921094	post	338	1886
127	1921094	post	338	1936
127	1921094	post	338	1986
127	1921095	post	338	2036
127	1921095	post	338	2085
127	1921095	post	338	2135
127	1921096	post	338	2184
127	1921097	post	338	2234
127	1921097	post	338	2284
127	1921098	post	338	2333
127	1921098	post	338	2382
127	1921101	post	338	2432
127	1926446	post	338	2482
127	1926446	post	338	2531
127	1926446	post	338	2580
127	1926448	post	338	2630
127	1926449	post	338	2680
127	1926451	post	338	2729
127	1926451	post	338	2779
127	1926452	post	338	2828
127	1926453	post	338	2878
127	1926453	post	338	2928
127	1926454	post	338	2977
127	1926454	post	338	3026
127	1926455	post	338	3076
127	1930087	post	338	3126
127	1930088	post	338	3175
127	1930088	post	338	3224
127	1930089	post	338	3274
127	1930089	post	338	3324
127	1930089	post	338	3373
127	1930090	post	338	3422
127	1930091	post	338	3472
127	1930092	post	338	3521
127	1930092	post	338	3571
127	1930093	post	338	3621
127	1930093	post	338	3671
127	1930094	post	338	3721
127	1930094	post	338	3771
127	1930095	post	338	3821
127	1930095	post	338	3871
127	1930095	post	338	3921
127	1930096	post	338	3971
127	1930101	post	338	4021
127	1932805	post	338	4071
127	1932806	post	338	4121
127	1932806	post	338	4171
127	1932807	post	338	4221
127	1932807	post	338	4271
127	1932811	post	338	4321
127	1932812	post	338	4371
127	1932815	post	338	4421
127	1932816	post	338	4471
127	1932817	post	338	4521
127	1934662	post	338	4571
127	1934666	post	338	4621
127	1934668	post	338	4671
127	1934668	post	338	4721
127	1934669	post	338	4771
127	1934670	post	338	4821
127	1934671	post	338	4871
127	1941457	post	338	4921
127	1941457	post	338	4970
127	1941458	post	338	5020
127	1941460	post	338	5070
127	1941461	post	338	5120
127	1941463	post	338	5170
127	1941464	post	338	5220
127	1941470	post	338	5270
127	1941874	post	338	5320
127	1941878	post	338	5370
127	1941880	post	338	5419
127	1947828	post	338	5469
127	1956468	post	338	5519
127	1974278	post	338	5569
127	1974282	post	338	5619
127	1987388	post	338	5669
127	2011378	post	338	5718
127	2024506	post	338	5767
127	2104371	post	338	5817
127	2108609	post	338	5867
127	2133577	post	338	5916
127	2159534	post	338	5966
127	2160197	post	338	6016
