127	1880168	post	340	445
127	1885073	post	340	487
127	1886995	post	340	529
127	1889384	post	340	571
127	1892744	post	340	613
127	1894704	post	340	655
127	1896433	post	340	697
127	1898244	post	340	739
127	1900113	post	340	781
127	1902353	post	340	823
127	1904634	post	340	866
127	1906034	post	340	909
127	1908646	post	340	952
127	1922232	post	340	995
127	1922266	post	340	1038
127	1922326	post	340	1081
127	1922376	post	340	1124
127	1922416	post	340	1167
127	1922466	post	340	1210
127	1922526	post	340	1253
127	1922566	post	340	1296
127	1922616	post	340	1339
127	1922676	post	340	1382
127	1922736	post	340	1425
127	1922786	post	340	1468
127	1922856	post	340	1511
127	1922916	post	340	1554
127	1922966	post	340	1597
127	1923025	post	340	1640
127	1923175	post	340	1683
