127	1880157	post	341	445
127	1885073	post	341	487
127	1886994	post	341	529
127	1889384	post	341	571
127	1892743	post	341	613
127	1894703	post	341	655
127	1896433	post	341	697
127	1898243	post	341	739
127	1900113	post	341	781
127	1902353	post	341	823
127	1904633	post	341	866
127	1906033	post	341	909
127	1908646	post	341	952
127	1922230	post	341	995
127	1922266	post	341	1038
127	1922326	post	341	1081
127	1922376	post	341	1124
127	1922416	post	341	1167
127	1922466	post	341	1210
127	1922526	post	341	1253
127	1922566	post	341	1296
127	1922616	post	341	1339
127	1922676	post	341	1382
127	1922736	post	341	1425
127	1922786	post	341	1468
127	1922856	post	341	1511
127	1922916	post	341	1554
127	1922966	post	341	1597
127	1923024	post	341	1640
127	1923174	post	341	1683
