1	1912508	post	462	443
1	1912576	post	462	483
1	1912626	post	462	523
1	1912634	post	462	563
1	1912643	post	462	603
1	1912648	post	462	643
1	1912649	post	462	683
1	1912656	post	462	723
1	1912659	post	462	763
1	1912662	post	462	803
1	2017956	post	462	844
1	2017959	post	462	885
1	2017977	post	462	926
1	2017979	post	462	967
1	2017987	post	462	1008
1	2018012	post	462	1049
1	2018023	post	462	1090
1	2018028	post	462	1131
1	2018030	post	462	1172
1	2018038	post	462	1213
1	2018040	post	462	1254
1	2018044	post	462	1295
1	2018045	post	462	1336
1	2018046	post	462	1377
1	2018049	post	462	1418
1	2018051	post	462	1459
1	2018062	post	462	1500
1	2018071	post	462	1541
1	2018074	post	462	1582
1	2018078	post	462	1623
