1	1912512	post	463	445
1	1912547	post	463	484
1	1912547	post	463	517
1	1912548	post	463	550
1	1912548	post	463	584
1	1912548	post	463	617
1	1912548	post	463	651
1	1912549	post	463	685
1	1912549	post	463	719
1	1912549	post	463	752
1	1912549	post	463	785
1	1912549	post	463	819
1	1912550	post	463	853
1	1912550	post	463	887
1	1912550	post	463	921
1	1912550	post	463	955
1	1912550	post	463	989
1	1912551	post	463	1023
1	1912551	post	463	1057
1	1912551	post	463	1091
1	1912551	post	463	1124
1	1912551	post	463	1158
1	1912552	post	463	1192
1	1912552	post	463	1226
1	1912552	post	463	1259
1	1912552	post	463	1293
1	1912553	post	463	1327
1	1912553	post	463	1360
1	1912553	post	463	1394
1	1912553	post	463	1427
1	1912553	post	463	1461
1	1912554	post	463	1501
1	1972169	post	463	1543
1	1972169	post	463	1585
1	1972170	post	463	1627
1	1972170	post	463	1669
1	1972171	post	463	1711
1	1972171	post	463	1753
1	1972171	post	463	1795
1	1972172	post	463	1837
1	1972172	post	463	1879
1	2031228	post	463	1922
1	2031229	post	463	1965
1	2031231	post	463	2008
1	2031232	post	463	2051
1	2031232	post	463	2094
1	2031233	post	463	2137
1	2031233	post	463	2180
1	2031234	post	463	2223
1	2031234	post	463	2266
1	2031236	post	463	2309
1	2031236	post	463	2352
1	2031237	post	463	2395
1	2031237	post	463	2438
1	2031238	post	463	2481
1	2031238	post	463	2524
1	2031239	post	463	2567
1	2031239	post	463	2610
1	2031241	post	463	2653
1	2031242	post	463	2696
1	2031242	post	463	2739
