1	985228	post	464	2953
1	993817	post	464	3488
1	1005618	post	464	3786
1	1018066	post	464	4088
1	1028813	post	464	4414
1	1033209	post	464	4779
1	1037172	post	464	5295
1	1040685	post	464	6031
1	1072048	post	464	7557
1	1135486	post	464	7557
1	1201190	post	464	7557
1	1269920	post	464	7557
1	1289265	post	464	7557
1	1318329	post	464	7557
1	1329945	post	464	7557
1	1359704	post	464	7557
1	1384422	post	464	7557
1	1400078	post	464	7557
1	1411501	post	464	7557
1	1422911	post	464	7557
1	1435199	post	464	7557
1	1447025	post	464	7557
1	1458364	post	464	7557
1	1467984	post	464	7557
1	1478883	post	464	7557
1	1488721	post	464	7557
1	1498476	post	464	7557
1	1505710	post	464	7557
1	1512967	post	464	7557
1	1520008	post	464	7557
1	1526826	post	464	7557
1	1534179	post	464	7557
1	1541094	post	464	7557
1	1547997	post	464	7557
1	1554911	post	464	7557
1	1561742	post	464	7557
1	1569226	post	464	7557
1	1577096	post	464	7557
1	1584341	post	464	7557
1	1591189	post	464	7557
1	1598393	post	464	7557
1	1605535	post	464	7557
1	1612342	post	464	7557
1	1619803	post	464	7557
1	1627150	post	464	7557
1	1634143	post	464	7557
1	1641070	post	464	7557
1	1647693	post	464	7557
1	1655031	post	464	7557
1	1662048	post	464	7557
1	1669077	post	464	7557
1	1676053	post	464	7557
1	1683555	post	464	7557
1	1690153	post	464	7557
1	1697830	post	464	7557
1	1704199	post	464	7557
1	1710945	post	464	7557
1	1717272	post	464	7557
1	1740295	post	464	7557
1	1756318	post	464	7557
1	1768866	post	464	7557
1	1791841	post	464	7557
1	1806141	post	464	7557
1	1823052	post	464	7557
1	1832493	post	464	7557
1	1841412	post	464	7557
1	1850060	post	464	7557
1	1860203	post	464	7557
1	1868864	post	464	7557
1	1879098	post	464	7557
1	1890266	post	464	7557
1	1957675	post	464	7557
1	1991845	post	464	7557
1	2001058	post	464	7557
1	2055650	post	464	7557
1	2078956	post	464	7557
1	2146159	post	464	7557
1	2213489	post	464	7557
1	2244371	post	464	7557
1	2311413	post	464	7557
1	2378622	post	464	7557
1	2445645	post	464	7557
1	2513083	post	464	7557
1	2580628	post	464	7557
1	2648390	post	464	7557
1	2715930	post	464	7557
1	2783230	post	464	7557
1	2851700	post	464	7557
1	2919412	post	464	7557
1	2987276	post	464	7557
1	3054485	post	464	7557
1	3122139	post	464	7557
