127	2010395	post	467	448
127	2010397	post	467	493
127	2010476	post	467	538
127	2010477	post	467	583
127	2010560	post	467	628
127	2010561	post	467	673
127	2010561	post	467	718
127	2010602	post	467	763
127	2010650	post	467	808
127	2010651	post	467	853
127	2024553	post	467	899
127	2024555	post	467	945
127	2024556	post	467	991
127	2024557	post	467	1037
127	2024558	post	467	1083
127	2024558	post	467	1129
127	2024560	post	467	1175
127	2024561	post	467	1221
127	2024562	post	467	1267
127	2024562	post	467	1313
127	2024562	post	467	1359
127	2024562	post	467	1405
127	2024564	post	467	1451
127	2024564	post	467	1497
127	2024565	post	467	1543
127	2024567	post	467	1589
127	2024568	post	467	1635
127	2024570	post	467	1681
127	2024574	post	467	1727
127	2024575	post	467	1773
