127	1880177	post	501	2554
127	1885145	post	501	2554
127	1890145	post	501	2554
127	1895145	post	501	2554
127	1900145	post	501	2554
127	1905145	post	501	2554
127	1910146	post	501	2554
127	1915148	post	501	3278
127	1920136	post	501	3278
127	1925146	post	501	3278
127	1930136	post	501	3278
127	1935136	post	501	3278
127	1940136	post	501	3278
127	1945146	post	501	3278
127	1950136	post	501	3278
127	1955136	post	501	3278
127	1960137	post	501	3278
127	1965137	post	501	3278
127	1970135	post	501	3278
127	1975136	post	501	3278
127	1980136	post	501	3278
127	1985137	post	501	3278
127	1990136	post	501	3278
127	1995136	post	501	3278
127	2000136	post	501	3278
127	2005137	post	501	3278
127	2010137	post	501	3278
127	2015137	post	501	3278
127	2020137	post	501	3278
127	2025137	post	501	3278
127	2030137	post	501	3278
127	2035137	post	501	3278
127	2040137	post	501	3278
127	2045137	post	501	3278
127	2050137	post	501	3278
127	2055138	post	501	3278
127	2060138	post	501	3278
127	2065138	post	501	3278
127	2070189	post	501	3278
127	2075138	post	501	3278
127	2080138	post	501	3278
127	2085138	post	501	3278
127	2090138	post	501	3278
127	2095138	post	501	3278
127	2100138	post	501	3278
127	2105138	post	501	3278
127	2110138	post	501	3278
127	2115139	post	501	3278
127	2120139	post	501	3278
127	2125139	post	501	3278
127	2130139	post	501	3278
127	2135139	post	501	3278
127	2140139	post	501	3278
127	2145139	post	501	3278
127	2150139	post	501	3278
127	2155139	post	501	3278
127	2160139	post	501	3278
127	2165139	post	501	3278
127	2170140	post	501	3278
127	2175140	post	501	3278
127	2180140	post	501	3278
127	2185140	post	501	3278
127	2190140	post	501	3278
127	2195205	post	501	3278
127	2200202	post	501	3278
127	2205140	post	501	3278
127	2210140	post	501	3278
127	2215140	post	501	3278
127	2220140	post	501	3278
127	2225140	post	501	3278
127	2230141	post	501	3278
127	2235141	post	501	3278
127	2240141	post	501	3278
127	2245141	post	501	3278
127	2250141	post	501	3278
127	2255141	post	501	3278
127	2260141	post	501	3278
127	2265141	post	501	3278
127	2270141	post	501	3278
127	2275181	post	501	3278
127	2280141	post	501	3278
127	2285142	post	501	3278
127	2290213	post	501	3278
127	2295135	post	501	3278
127	2300135	post	501	3278
127	2305142	post	501	3278
127	2310142	post	501	3278
127	2315142	post	501	3278
127	2320142	post	501	3278
127	2325142	post	501	3278
127	2330135	post	501	3278
127	2335142	post	501	3278
127	2340142	post	501	3278
127	2345143	post	501	3278
127	2350143	post	501	3278
127	2355135	post	501	3278
127	2360143	post	501	3278
127	2365143	post	501	3278
127	2370143	post	501	3278
127	2375143	post	501	3278
127	2380135	post	501	3278
127	2385143	post	501	3278
127	2390143	post	501	3278
127	2395143	post	501	3278
127	2400143	post	501	3278
127	2405144	post	501	3278
127	2410144	post	501	3278
127	2415136	post	501	3278
127	2420144	post	501	3278
127	2425144	post	501	3278
127	2430144	post	501	3278
127	2435144	post	501	3278
127	2440144	post	501	3278
127	2445135	post	501	3278
127	2450144	post	501	3278
127	2455144	post	501	3278
127	2460144	post	501	3278
127	2465135	post	501	3278
127	2470135	post	501	3278
127	2475135	post	501	3278
127	2480135	post	501	3278
127	2485135	post	501	3278
127	2490135	post	501	3278
127	2495135	post	501	3278
127	2500135	post	501	3278
127	2505135	post	501	3278
127	2510135	post	501	3278
127	2515135	post	501	3278
127	2520136	post	501	3278
127	2525136	post	501	3278
127	2530136	post	501	3278
127	2535136	post	501	3278
127	2540136	post	501	3278
127	2545136	post	501	3278
127	2550136	post	501	3278
127	2555136	post	501	3278
127	2560135	post	501	3278
127	2565136	post	501	3278
127	2570136	post	501	3278
127	2575136	post	501	3278
127	2580137	post	501	3278
127	2585137	post	501	3278
127	2590137	post	501	3278
127	2595137	post	501	3278
127	2600137	post	501	3278
127	2605137	post	501	3278
127	2610137	post	501	3278
127	2615149	post	501	3278
127	2620137	post	501	3278
127	2625137	post	501	3278
127	2630137	post	501	3278
127	2635137	post	501	3278
127	2640138	post	501	3278
127	2645138	post	501	3278
127	2650138	post	501	3278
127	2655139	post	501	3278
127	2660138	post	501	3278
127	2665138	post	501	3278
127	2670138	post	501	3278
127	2675138	post	501	3278
127	2680138	post	501	3278
127	2685138	post	501	3278
127	2690138	post	501	3278
127	2695139	post	501	3278
127	2700139	post	501	3278
127	2705139	post	501	3278
127	2710139	post	501	3278
127	2715139	post	501	3278
127	2720139	post	501	3278
127	2725139	post	501	3278
127	2730139	post	501	3278
127	2735139	post	501	3278
127	2740139	post	501	3278
127	2745139	post	501	3278
127	2750139	post	501	3278
127	2755135	post	501	3278
127	2760140	post	501	3278
127	2765140	post	501	3278
127	2770140	post	501	3278
127	2775140	post	501	3278
127	2780140	post	501	3278
127	2785140	post	501	3278
127	2790140	post	501	3278
127	2795140	post	501	3278
127	2800140	post	501	3278
127	2805191	post	501	3278
127	2810140	post	501	3278
127	2815140	post	501	3278
127	2820140	post	501	3278
127	2825140	post	501	3278
127	2830141	post	501	3278
127	2835141	post	501	3278
127	2840141	post	501	3278
127	2845141	post	501	3278
127	2850141	post	501	3278
127	2855141	post	501	3278
127	2860141	post	501	3278
127	2865141	post	501	3278
127	2870141	post	501	3278
127	2875141	post	501	3278
127	2880141	post	501	3278
127	2885141	post	501	3278
127	2890142	post	501	3278
127	2895142	post	501	3278
127	2900142	post	501	3278
127	2905142	post	501	3278
127	2910142	post	501	3278
127	2915142	post	501	3278
127	2920142	post	501	3278
127	2925142	post	501	3278
127	2930142	post	501	3278
127	2935142	post	501	3278
127	2940142	post	501	3278
127	2945142	post	501	3278
127	2950142	post	501	3278
127	2955143	post	501	3278
127	2960143	post	501	3278
127	2965143	post	501	3278
127	2970143	post	501	3278
127	2975143	post	501	3278
127	2980143	post	501	3278
127	2985143	post	501	3278
127	2990143	post	501	3278
127	2995143	post	501	3278
127	3000143	post	501	3278
127	3005143	post	501	3278
127	3010144	post	501	3278
127	3015144	post	501	3278
127	3020144	post	501	3278
127	3025144	post	501	3278
127	3030144	post	501	3278
127	3035144	post	501	3278
127	3040144	post	501	3278
127	3045144	post	501	3278
127	3050144	post	501	3278
127	3055144	post	501	3278
127	3060144	post	501	3278
127	3065144	post	501	3278
127	3070135	post	501	3278
127	3075145	post	501	3278
127	3080135	post	501	3278
127	3085135	post	501	3278
127	3090135	post	501	3278
127	3095135	post	501	3278
127	3100135	post	501	3278
127	3105135	post	501	3278
127	3110135	post	501	3278
127	3115135	post	501	3278
127	3120135	post	501	3278
127	3125135	post	501	3278
