127	1881920	post	503	1274
127	1897811	post	503	1274
127	1911771	post	503	1274
127	1930090	post	503	1274
127	1941880	post	503	1274
127	1956810	post	503	1274
127	1974283	post	503	1274
127	1986861	post	503	1274
127	2002163	post	503	1274
127	2017021	post	503	1274
127	2035416	post	503	1274
127	2055690	post	503	1274
127	2070853	post	503	1274
127	2087728	post	503	1274
127	2108075	post	503	1274
127	2128175	post	503	1274
127	2158671	post	503	1274
127	2173681	post	503	1274
127	2182493	post	503	1274
127	2198030	post	503	1274
127	2213684	post	503	1274
127	2228199	post	503	1274
127	2243111	post	503	1274
127	2258078	post	503	1274
127	2273102	post	503	1274
127	2288123	post	503	1274
127	2303143	post	503	1274
127	2318152	post	503	1274
127	2333177	post	503	1274
127	2348176	post	503	1274
127	2363199	post	503	1274
127	2378199	post	503	1274
127	2393201	post	503	1274
127	2408210	post	503	1274
127	2423223	post	503	1274
127	2438234	post	503	1274
127	2453272	post	503	1274
127	2468250	post	503	1274
127	2483261	post	503	1274
127	2498267	post	503	1274
127	2513280	post	503	1274
127	2528286	post	503	1274
127	2543299	post	503	1274
127	2558305	post	503	1274
127	2573320	post	503	1274
127	2588324	post	503	1274
127	2603330	post	503	1274
127	2618360	post	503	1274
127	2633372	post	503	1274
127	2648383	post	503	1274
127	2664450	post	503	1274
127	2678630	post	503	1274
127	2693745	post	503	1274
127	2708276	post	503	1274
127	2723286	post	503	1274
127	2738285	post	503	1274
127	2753379	post	503	1274
127	2768419	post	503	1274
127	2783530	post	503	1274
127	2798360	post	503	1274
127	2813363	post	503	1274
127	2828367	post	503	1274
127	2843393	post	503	1274
127	2858980	post	503	1274
127	2873872	post	503	1274
127	2888891	post	503	1274
127	2903926	post	503	1274
127	2919153	post	503	1274
127	2934274	post	503	1274
127	2948970	post	503	1274
127	2963949	post	503	1274
127	2979106	post	503	1274
127	2994016	post	503	1274
127	3009025	post	503	1274
127	3024015	post	503	1274
127	3039005	post	503	1274
127	3055717	post	503	1274
127	3069238	post	503	1274
127	3084041	post	503	1274
127	3099057	post	503	1274
127	3114119	post	503	1274
