127	1884662	post	505	1274
127	1896178	post	505	1274
127	1899883	post	505	1274
127	1907647	post	505	1274
127	1921101	post	505	1274
127	1934670	post	505	1274
127	1949250	post	505	1274
127	1964648	post	505	1274
127	1979449	post	505	1274
127	1994464	post	505	1274
127	2011380	post	505	1274
127	2025855	post	505	1274
127	2039684	post	505	1274
127	2054273	post	505	1274
127	2070766	post	505	1274
127	2084955	post	505	1274
127	2099400	post	505	1274
127	2114502	post	505	1274
127	2129686	post	505	1274
127	2144680	post	505	1274
127	2159532	post	505	1274
127	2174634	post	505	1274
127	2189977	post	505	1274
127	2204451	post	505	1274
127	2220865	post	505	1274
127	2234483	post	505	1274
127	2249491	post	505	1274
127	2264497	post	505	1274
127	2279518	post	505	1274
127	2297877	post	505	1274
127	2309699	post	505	1274
127	2324554	post	505	1274
127	2339544	post	505	1274
127	2354569	post	505	1274
127	2370771	post	505	1274
127	2384636	post	505	1274
127	2399636	post	505	1274
127	2414639	post	505	1274
127	2429651	post	505	1274
127	2444666	post	505	1274
127	2459683	post	505	1274
127	2474685	post	505	1274
127	2489694	post	505	1274
127	2504704	post	505	1274
127	2519854	post	505	1274
127	2534841	post	505	1274
127	2549869	post	505	1274
127	2564872	post	505	1274
127	2579885	post	505	1274
127	2594896	post	505	1274
127	2610071	post	505	1274
127	2624926	post	505	1274
127	2639947	post	505	1274
127	2655018	post	505	1274
127	2670225	post	505	1274
127	2684997	post	505	1274
127	2700704	post	505	1274
127	2715012	post	505	1274
127	2730035	post	505	1274
127	2745042	post	505	1274
127	2760083	post	505	1274
127	2775077	post	505	1274
127	2790072	post	505	1274
127	2805074	post	505	1274
127	2820107	post	505	1274
127	2835100	post	505	1274
127	2850109	post	505	1274
127	2865132	post	505	1274
127	2880125	post	505	1274
127	2895144	post	505	1274
127	2910158	post	505	1274
127	2925158	post	505	1274
127	2940176	post	505	1274
127	2955260	post	505	1274
127	2970239	post	505	1274
127	2985304	post	505	1274
127	3000216	post	505	1274
127	3015239	post	505	1274
127	3030823	post	505	1274
127	3045382	post	505	1274
127	3060262	post	505	1274
127	3075265	post	505	1274
127	3090288	post	505	1274
127	3105290	post	505	1274
127	3122084	post	505	1274
