127	1885074	post	507	2554
127	1890063	post	507	2554
127	1895073	post	507	2554
127	1900063	post	507	2554
127	1905063	post	507	2554
127	1910064	post	507	2554
127	1915064	post	507	2554
127	1920064	post	507	2554
127	1925064	post	507	2554
127	1930064	post	507	2554
127	1935064	post	507	2554
127	1940064	post	507	2554
127	1945064	post	507	2554
127	1950064	post	507	2554
127	1955065	post	507	2554
127	1960065	post	507	2554
127	1965065	post	507	2554
127	1970065	post	507	2554
127	1975065	post	507	2554
127	1980065	post	507	2554
127	1985065	post	507	2554
127	1990065	post	507	2554
127	1995065	post	507	2554
127	2000065	post	507	2554
127	2005065	post	507	2554
127	2010066	post	507	2554
127	2015066	post	507	2554
127	2020065	post	507	2554
127	2025066	post	507	2554
127	2030066	post	507	2554
127	2035066	post	507	2554
127	2040065	post	507	2554
127	2045066	post	507	2554
127	2050066	post	507	2554
127	2055067	post	507	2554
127	2060067	post	507	2554
127	2065067	post	507	2554
127	2070093	post	507	2554
127	2075066	post	507	2554
127	2080067	post	507	2554
127	2085066	post	507	2554
127	2090067	post	507	2554
127	2095066	post	507	2554
127	2100066	post	507	2554
127	2105066	post	507	2554
127	2110067	post	507	2554
127	2115067	post	507	2554
127	2120067	post	507	2554
127	2125067	post	507	2554
127	2130068	post	507	2554
127	2135067	post	507	2554
127	2140067	post	507	2554
127	2145067	post	507	2554
127	2150067	post	507	2554
127	2155067	post	507	2554
127	2160068	post	507	2554
127	2165067	post	507	2554
127	2170068	post	507	2554
127	2175068	post	507	2554
127	2180068	post	507	2554
127	2185068	post	507	2554
127	2190068	post	507	2554
127	2195068	post	507	2554
127	2200068	post	507	2554
127	2205068	post	507	2554
127	2210068	post	507	2554
127	2215068	post	507	2554
127	2220068	post	507	2554
127	2225069	post	507	2554
127	2230069	post	507	2554
127	2235069	post	507	2554
127	2240069	post	507	2554
127	2245069	post	507	2554
127	2250069	post	507	2554
127	2255069	post	507	2554
127	2260070	post	507	2554
127	2265069	post	507	2554
127	2270069	post	507	2554
127	2275069	post	507	2554
127	2280069	post	507	2554
127	2285070	post	507	2554
127	2290070	post	507	2554
127	2295071	post	507	2554
127	2300070	post	507	2554
127	2305116	post	507	2554
127	2310070	post	507	2554
127	2315070	post	507	2554
127	2320071	post	507	2554
127	2325070	post	507	2554
127	2330070	post	507	2554
127	2335070	post	507	2554
127	2340070	post	507	2554
127	2345071	post	507	2554
127	2350071	post	507	2554
127	2355071	post	507	2554
127	2360071	post	507	2554
127	2365071	post	507	2554
127	2370071	post	507	2554
127	2375071	post	507	2554
127	2380071	post	507	2554
127	2385071	post	507	2554
127	2390071	post	507	2554
127	2395072	post	507	2554
127	2400072	post	507	2554
127	2405069	post	507	2554
127	2410062	post	507	2554
127	2415062	post	507	2554
127	2420063	post	507	2554
127	2425062	post	507	2554
127	2430062	post	507	2554
127	2435062	post	507	2554
127	2440062	post	507	2554
127	2445062	post	507	2554
127	2450072	post	507	2554
127	2455062	post	507	2554
127	2460062	post	507	2554
127	2465063	post	507	2554
127	2470063	post	507	2554
127	2475063	post	507	2554
127	2480064	post	507	2554
127	2485063	post	507	2554
127	2490063	post	507	2554
127	2495063	post	507	2554
127	2500063	post	507	2554
127	2505063	post	507	2554
127	2510064	post	507	2554
127	2515063	post	507	2554
127	2520064	post	507	2554
127	2525064	post	507	2554
127	2530064	post	507	2554
127	2535064	post	507	2554
127	2540064	post	507	2554
127	2545064	post	507	2554
127	2550064	post	507	2554
127	2555065	post	507	2554
127	2560064	post	507	2554
127	2565064	post	507	2554
127	2570065	post	507	2554
127	2575064	post	507	2554
127	2580065	post	507	2554
127	2585065	post	507	2554
127	2590065	post	507	2554
127	2595065	post	507	2554
127	2600065	post	507	2554
127	2605065	post	507	2554
127	2610065	post	507	2554
127	2615065	post	507	2554
127	2620065	post	507	2554
127	2625065	post	507	2554
127	2630067	post	507	2554
127	2635065	post	507	2554
127	2640067	post	507	2554
127	2645066	post	507	2554
127	2650066	post	507	2554
127	2655066	post	507	2554
127	2660067	post	507	2554
127	2665066	post	507	2554
127	2670067	post	507	2554
127	2675067	post	507	2554
127	2680066	post	507	2554
127	2685067	post	507	2554
127	2690066	post	507	2554
127	2695067	post	507	2554
127	2700067	post	507	2554
127	2705067	post	507	2554
127	2710067	post	507	2554
127	2715067	post	507	2554
127	2720068	post	507	2554
127	2725068	post	507	2554
127	2730067	post	507	2554
127	2735067	post	507	2554
127	2740067	post	507	2554
127	2745067	post	507	2554
127	2750067	post	507	2554
127	2755068	post	507	2554
127	2760068	post	507	2554
127	2765068	post	507	2554
127	2770068	post	507	2554
127	2775068	post	507	2554
127	2780069	post	507	2554
127	2785068	post	507	2554
127	2790069	post	507	2554
127	2795068	post	507	2554
127	2800068	post	507	2554
127	2805068	post	507	2554
127	2810068	post	507	2554
127	2815068	post	507	2554
127	2820068	post	507	2554
127	2825068	post	507	2554
127	2830069	post	507	2554
127	2835069	post	507	2554
127	2840069	post	507	2554
127	2845069	post	507	2554
127	2850069	post	507	2554
127	2855069	post	507	2554
127	2860069	post	507	2554
127	2865069	post	507	2554
127	2870069	post	507	2554
127	2875069	post	507	2554
127	2880069	post	507	2554
127	2885069	post	507	2554
127	2890070	post	507	2554
127	2895070	post	507	2554
127	2900071	post	507	2554
127	2905071	post	507	2554
127	2910070	post	507	2554
127	2915070	post	507	2554
127	2920070	post	507	2554
127	2925070	post	507	2554
127	2930070	post	507	2554
127	2935081	post	507	2554
127	2940070	post	507	2554
127	2945070	post	507	2554
127	2950070	post	507	2554
127	2955071	post	507	2554
127	2960071	post	507	2554
127	2965071	post	507	2554
127	2970071	post	507	2554
127	2975071	post	507	2554
127	2980072	post	507	2554
127	2985071	post	507	2554
127	2990071	post	507	2554
127	2995071	post	507	2554
127	3000071	post	507	2554
127	3005071	post	507	2554
127	3010062	post	507	2554
127	3015062	post	507	2554
127	3020062	post	507	2554
127	3025064	post	507	2554
127	3030062	post	507	2554
127	3035062	post	507	2554
127	3040062	post	507	2554
127	3045062	post	507	2554
127	3050062	post	507	2554
127	3055062	post	507	2554
127	3060072	post	507	2554
127	3065063	post	507	2554
127	3070063	post	507	2554
127	3075063	post	507	2554
127	3080064	post	507	2554
127	3085085	post	507	2554
127	3090063	post	507	2554
127	3095063	post	507	2554
127	3100063	post	507	2554
127	3105063	post	507	2554
127	3110063	post	507	2554
127	3115063	post	507	2554
127	3120063	post	507	2554
127	3125063	post	507	2554
