127	1886995	post	509	2554
127	1891994	post	509	2554
127	1896984	post	509	2554
127	1901984	post	509	2554
127	1906994	post	509	2554
127	1911985	post	509	2554
127	1916985	post	509	2554
127	1921985	post	509	2554
127	1926985	post	509	2554
127	1931985	post	509	2554
127	1936985	post	509	2554
127	1941985	post	509	2554
127	1946985	post	509	2554
127	1951986	post	509	2554
127	1956986	post	509	2554
127	1961986	post	509	2554
127	1966986	post	509	2554
127	1971986	post	509	2554
127	1976986	post	509	2554
127	1981986	post	509	2554
127	1986986	post	509	2554
127	1991986	post	509	2554
127	1996986	post	509	2554
127	2001987	post	509	2554
127	2006987	post	509	2554
127	2011987	post	509	2554
127	2016987	post	509	2554
127	2021987	post	509	2554
127	2026987	post	509	2554
127	2031987	post	509	2554
127	2036987	post	509	2554
127	2041987	post	509	2554
127	2046987	post	509	2554
127	2051987	post	509	2554
127	2056988	post	509	2554
127	2061988	post	509	2554
127	2066988	post	509	2554
127	2071988	post	509	2554
127	2076988	post	509	2554
127	2081988	post	509	2554
127	2086988	post	509	2554
127	2091988	post	509	2554
127	2096988	post	509	2554
127	2101988	post	509	2554
127	2106988	post	509	2554
127	2111989	post	509	2554
127	2116989	post	509	2554
127	2121989	post	509	2554
127	2126989	post	509	2554
127	2131989	post	509	2554
127	2136989	post	509	2554
127	2141989	post	509	2554
127	2146989	post	509	2554
127	2151989	post	509	2554
127	2156989	post	509	2554
127	2162036	post	509	2554
127	2166989	post	509	2554
127	2171990	post	509	2554
127	2176990	post	509	2554
127	2181990	post	509	2554
127	2186990	post	509	2554
127	2191990	post	509	2554
127	2196990	post	509	2554
127	2201988	post	509	2554
127	2206986	post	509	2554
127	2211990	post	509	2554
127	2216989	post	509	2554
127	2221990	post	509	2554
127	2226991	post	509	2554
127	2231991	post	509	2554
127	2236988	post	509	2554
127	2241991	post	509	2554
127	2246990	post	509	2554
127	2251991	post	509	2554
127	2256991	post	509	2554
127	2261987	post	509	2554
127	2266985	post	509	2554
127	2271991	post	509	2554
127	2276986	post	509	2554
127	2281991	post	509	2554
127	2286992	post	509	2554
127	2291986	post	509	2554
127	2296986	post	509	2554
127	2301991	post	509	2554
127	2306992	post	509	2554
127	2311989	post	509	2554
127	2316992	post	509	2554
127	2321992	post	509	2554
127	2326992	post	509	2554
127	2331986	post	509	2554
127	2336985	post	509	2554
127	2341992	post	509	2554
127	2346993	post	509	2554
127	2351988	post	509	2554
127	2356987	post	509	2554
127	2361990	post	509	2554
127	2366991	post	509	2554
127	2371984	post	509	2554
127	2376985	post	509	2554
127	2381990	post	509	2554
127	2387002	post	509	2554
127	2391990	post	509	2554
127	2396986	post	509	2554
127	2401986	post	509	2554
127	2406988	post	509	2554
127	2411990	post	509	2554
127	2416985	post	509	2554
127	2421992	post	509	2554
127	2426987	post	509	2554
127	2431993	post	509	2554
127	2436988	post	509	2554
127	2441994	post	509	2554
127	2446989	post	509	2554
127	2452014	post	509	2554
127	2456991	post	509	2554
127	2461985	post	509	2554
127	2466985	post	509	2554
127	2471985	post	509	2554
127	2476985	post	509	2554
127	2481985	post	509	2554
127	2486985	post	509	2554
127	2491985	post	509	2554
127	2496985	post	509	2554
127	2501985	post	509	2554
127	2506985	post	509	2554
127	2511985	post	509	2554
127	2516985	post	509	2554
127	2521986	post	509	2554
127	2526986	post	509	2554
127	2531986	post	509	2554
127	2536986	post	509	2554
127	2541986	post	509	2554
127	2546986	post	509	2554
127	2551986	post	509	2554
127	2556986	post	509	2554
127	2561986	post	509	2554
127	2566986	post	509	2554
127	2571986	post	509	2554
127	2576987	post	509	2554
127	2581987	post	509	2554
127	2586987	post	509	2554
127	2591987	post	509	2554
127	2596985	post	509	2554
127	2601987	post	509	2554
127	2606987	post	509	2554
127	2611987	post	509	2554
127	2616987	post	509	2554
127	2621987	post	509	2554
127	2626987	post	509	2554
127	2631985	post	509	2554
127	2636988	post	509	2554
127	2641985	post	509	2554
127	2647016	post	509	2554
127	2651984	post	509	2554
127	2656988	post	509	2554
127	2661988	post	509	2554
127	2666987	post	509	2554
127	2671988	post	509	2554
127	2676988	post	509	2554
127	2681988	post	509	2554
127	2686988	post	509	2554
127	2691988	post	509	2554
127	2696986	post	509	2554
127	2701989	post	509	2554
127	2706989	post	509	2554
127	2711989	post	509	2554
127	2716989	post	509	2554
127	2721989	post	509	2554
127	2726987	post	509	2554
127	2731986	post	509	2554
127	2736984	post	509	2554
127	2741988	post	509	2554
127	2746985	post	509	2554
127	2751989	post	509	2554
127	2756990	post	509	2554
127	2761989	post	509	2554
127	2766990	post	509	2554
127	2771990	post	509	2554
127	2776986	post	509	2554
127	2781986	post	509	2554
127	2786988	post	509	2554
127	2791990	post	509	2554
127	2796984	post	509	2554
127	2801989	post	509	2554
127	2806990	post	509	2554
127	2811985	post	509	2554
127	2816990	post	509	2554
127	2821988	post	509	2554
127	2826987	post	509	2554
127	2831990	post	509	2554
127	2836991	post	509	2554
127	2841986	post	509	2554
127	2846988	post	509	2554
127	2851987	post	509	2554
127	2856990	post	509	2554
127	2861990	post	509	2554
127	2866987	post	509	2554
127	2871991	post	509	2554
127	2876990	post	509	2554
127	2881986	post	509	2554
127	2886990	post	509	2554
127	2891986	post	509	2554
127	2896985	post	509	2554
127	2901987	post	509	2554
127	2906986	post	509	2554
127	2911992	post	509	2554
127	2916992	post	509	2554
127	2921985	post	509	2554
127	2926992	post	509	2554
127	2931987	post	509	2554
127	2936991	post	509	2554
127	2941992	post	509	2554
127	2946991	post	509	2554
127	2951984	post	509	2554
127	2956993	post	509	2554
127	2961985	post	509	2554
127	2966989	post	509	2554
127	2971986	post	509	2554
127	2976986	post	509	2554
127	2981991	post	509	2554
127	2986989	post	509	2554
127	2991993	post	509	2554
127	2996988	post	509	2554
127	3001985	post	509	2554
127	3006993	post	509	2554
127	3011992	post	509	2554
127	3016984	post	509	2554
127	3021991	post	509	2554
127	3026988	post	509	2554
127	3031991	post	509	2554
127	3036984	post	509	2554
127	3041993	post	509	2554
127	3046988	post	509	2554
127	3051984	post	509	2554
127	3056986	post	509	2554
127	3061985	post	509	2554
127	3066984	post	509	2554
127	3071985	post	509	2554
127	3076985	post	509	2554
127	3081985	post	509	2554
127	3086985	post	509	2554
127	3091985	post	509	2554
127	3096985	post	509	2554
127	3101985	post	509	2554
127	3106985	post	509	2554
127	3111985	post	509	2554
127	3116985	post	509	2554
127	3121985	post	509	2554
127	3126985	post	509	2554
