127	1887809	post	512	1274
127	1902847	post	512	1274
127	1917908	post	512	1274
127	1932805	post	512	1274
127	1947828	post	512	1274
127	1962966	post	512	1274
127	1980141	post	512	1274
127	1994446	post	512	1274
127	2013481	post	512	1274
127	2024505	post	512	1274
127	2039398	post	512	1274
127	2054412	post	512	1274
127	2073320	post	512	1274
127	2087188	post	512	1274
127	2099785	post	512	1274
127	2116199	post	512	1274
127	2133576	post	512	1274
127	2147065	post	512	1274
127	2160198	post	512	1274
127	2175152	post	512	1274
127	2190281	post	512	1274
127	2205222	post	512	1274
127	2220536	post	512	1274
127	2235228	post	512	1274
127	2251594	post	512	1274
127	2265266	post	512	1274
127	2281422	post	512	1274
127	2295908	post	512	1274
127	2311011	post	512	1274
127	2325947	post	512	1274
127	2340942	post	512	1274
127	2355947	post	512	1274
127	2370977	post	512	1274
127	2385967	post	512	1274
127	2400987	post	512	1274
127	2415998	post	512	1274
127	2431008	post	512	1274
127	2446018	post	512	1274
127	2461069	post	512	1274
127	2476038	post	512	1274
127	2491069	post	512	1274
127	2506080	post	512	1274
127	2521107	post	512	1274
127	2536115	post	512	1274
127	2551120	post	512	1274
127	2566131	post	512	1274
127	2581138	post	512	1274
127	2596158	post	512	1274
127	2611162	post	512	1274
127	2626168	post	512	1274
127	2641190	post	512	1274
127	2656607	post	512	1274
127	2673541	post	512	1274
127	2688713	post	512	1274
127	2701546	post	512	1274
127	2716536	post	512	1274
127	2731546	post	512	1274
127	2746555	post	512	1274
127	2761580	post	512	1274
127	2776577	post	512	1274
127	2791592	post	512	1274
127	2806624	post	512	1274
127	2821667	post	512	1274
127	2836643	post	512	1274
127	2851649	post	512	1274
127	2866659	post	512	1274
127	2881673	post	512	1274
127	2896696	post	512	1274
127	2911688	post	512	1274
127	2926724	post	512	1274
127	2941731	post	512	1274
127	2956741	post	512	1274
127	2971949	post	512	1274
127	2986778	post	512	1274
127	3001775	post	512	1274
127	3016780	post	512	1274
127	3031791	post	512	1274
127	3046826	post	512	1274
127	3061864	post	512	1274
127	3076836	post	512	1274
127	3091843	post	512	1274
127	3106949	post	512	1274
127	3121968	post	512	1274
