127	1887810	post	513	1274
127	1902847	post	513	1274
127	1917899	post	513	1436
127	1932805	post	513	1436
127	1947827	post	513	1436
127	1962965	post	513	1436
127	1980141	post	513	1436
127	1994455	post	513	1436
127	2013480	post	513	1436
127	2024505	post	513	1436
127	2039398	post	513	1436
127	2054412	post	513	1436
127	2073321	post	513	1436
127	2087189	post	513	1436
127	2099785	post	513	1436
127	2116198	post	513	1436
127	2133576	post	513	1436
127	2147064	post	513	1436
127	2160198	post	513	1436
127	2175151	post	513	1436
127	2190283	post	513	1436
127	2205222	post	513	1436
127	2220535	post	513	1436
127	2235228	post	513	1436
127	2251593	post	513	1436
127	2265266	post	513	1436
127	2281421	post	513	1436
127	2295908	post	513	1436
127	2311011	post	513	1436
127	2325946	post	513	1436
127	2340943	post	513	1436
127	2355948	post	513	1436
127	2370977	post	513	1436
127	2385967	post	513	1436
127	2400987	post	513	1436
127	2415998	post	513	1436
127	2431009	post	513	1436
127	2446018	post	513	1436
127	2461068	post	513	1436
127	2476039	post	513	1436
127	2491070	post	513	1436
127	2506079	post	513	1436
127	2521106	post	513	1436
127	2536114	post	513	1436
127	2551120	post	513	1436
127	2566130	post	513	1436
127	2581138	post	513	1436
127	2596158	post	513	1436
127	2611161	post	513	1436
127	2626168	post	513	1436
127	2641190	post	513	1436
127	2656607	post	513	1436
127	2673543	post	513	1436
127	2688712	post	513	1436
127	2701545	post	513	1436
127	2716536	post	513	1436
127	2731545	post	513	1436
127	2746554	post	513	1436
127	2761589	post	513	1436
127	2776575	post	513	1436
127	2791591	post	513	1436
127	2806624	post	513	1436
127	2821667	post	513	1436
127	2836643	post	513	1436
127	2851648	post	513	1436
127	2866659	post	513	1436
127	2881672	post	513	1436
127	2896696	post	513	1436
127	2911688	post	513	1436
127	2926723	post	513	1436
127	2941730	post	513	1436
127	2956740	post	513	1436
127	2971949	post	513	1436
127	2986779	post	513	1436
127	3001775	post	513	1436
127	3016780	post	513	1436
127	3031791	post	513	1436
127	3046826	post	513	1436
127	3061864	post	513	1436
127	3076836	post	513	1436
127	3091843	post	513	1436
127	3106948	post	513	1436
127	3121968	post	513	1436
