127	1889384	post	515	2554
127	1894384	post	515	2554
127	1899384	post	515	2554
127	1904394	post	515	2554
127	1909385	post	515	2554
127	1914385	post	515	2554
127	1919385	post	515	2554
127	1924385	post	515	2554
127	1929385	post	515	2554
127	1934385	post	515	2554
127	1939385	post	515	2554
127	1944385	post	515	2554
127	1949385	post	515	2554
127	1954386	post	515	2554
127	1959386	post	515	2554
127	1964483	post	515	2554
127	1969386	post	515	2554
127	1974385	post	515	2554
127	1979386	post	515	2554
127	1984386	post	515	2554
127	1989386	post	515	2554
127	1994439	post	515	2554
127	1999386	post	515	2554
127	2004386	post	515	2554
127	2009387	post	515	2554
127	2014387	post	515	2554
127	2019387	post	515	2554
127	2024387	post	515	2554
127	2029386	post	515	2554
127	2034387	post	515	2554
127	2039387	post	515	2554
127	2044387	post	515	2554
127	2049384	post	515	2554
127	2054386	post	515	2554
127	2059387	post	515	2554
127	2064388	post	515	2554
127	2069387	post	515	2554
127	2074388	post	515	2554
127	2079388	post	515	2554
127	2084387	post	515	2554
127	2089387	post	515	2554
127	2094387	post	515	2554
127	2099388	post	515	2554
127	2104387	post	515	2554
127	2109387	post	515	2554
127	2114384	post	515	2554
127	2119388	post	515	2554
127	2124388	post	515	2554
127	2129388	post	515	2554
127	2134388	post	515	2554
127	2139388	post	515	2554
127	2144388	post	515	2554
127	2149388	post	515	2554
127	2154388	post	515	2554
127	2159388	post	515	2554
127	2164388	post	515	2554
127	2169389	post	515	2554
127	2174389	post	515	2554
127	2179389	post	515	2554
127	2184389	post	515	2554
127	2189389	post	515	2554
127	2194390	post	515	2554
127	2199389	post	515	2554
127	2204389	post	515	2554
127	2209389	post	515	2554
127	2214389	post	515	2554
127	2219389	post	515	2554
127	2224406	post	515	2554
127	2229390	post	515	2554
127	2234390	post	515	2554
127	2239390	post	515	2554
127	2244390	post	515	2554
127	2249390	post	515	2554
127	2254390	post	515	2554
127	2259390	post	515	2554
127	2264390	post	515	2554
127	2269390	post	515	2554
127	2274390	post	515	2554
127	2279391	post	515	2554
127	2284390	post	515	2554
127	2289391	post	515	2554
127	2294391	post	515	2554
127	2299391	post	515	2554
127	2304391	post	515	2554
127	2309391	post	515	2554
127	2314391	post	515	2554
127	2319391	post	515	2554
127	2324391	post	515	2554
127	2329391	post	515	2554
127	2334391	post	515	2554
127	2339391	post	515	2554
127	2344392	post	515	2554
127	2349392	post	515	2554
127	2354392	post	515	2554
127	2359392	post	515	2554
127	2364392	post	515	2554
127	2369392	post	515	2554
127	2374392	post	515	2554
127	2379392	post	515	2554
127	2384392	post	515	2554
127	2389392	post	515	2554
127	2394392	post	515	2554
127	2399392	post	515	2554
127	2404384	post	515	2554
127	2409383	post	515	2554
127	2414383	post	515	2554
127	2419383	post	515	2554
127	2424383	post	515	2554
127	2429383	post	515	2554
127	2434383	post	515	2554
127	2439383	post	515	2554
127	2444383	post	515	2554
127	2449383	post	515	2554
127	2454383	post	515	2554
127	2459383	post	515	2554
127	2464384	post	515	2554
127	2469384	post	515	2554
127	2474384	post	515	2554
127	2479384	post	515	2554
127	2484384	post	515	2554
127	2489384	post	515	2554
127	2494384	post	515	2554
127	2499384	post	515	2554
127	2504384	post	515	2554
127	2509384	post	515	2554
127	2514384	post	515	2554
127	2519385	post	515	2554
127	2524385	post	515	2554
127	2529385	post	515	2554
127	2534385	post	515	2554
127	2539408	post	515	2554
127	2544385	post	515	2554
127	2549386	post	515	2554
127	2554386	post	515	2554
127	2559385	post	515	2554
127	2564385	post	515	2554
127	2569385	post	515	2554
127	2574385	post	515	2554
127	2579386	post	515	2554
127	2584406	post	515	2554
127	2589386	post	515	2554
127	2594386	post	515	2554
127	2599386	post	515	2554
127	2604386	post	515	2554
127	2609386	post	515	2554
127	2614386	post	515	2554
127	2619386	post	515	2554
127	2624386	post	515	2554
127	2629386	post	515	2554
127	2634386	post	515	2554
127	2639387	post	515	2554
127	2644387	post	515	2554
127	2649387	post	515	2554
127	2654387	post	515	2554
127	2659387	post	515	2554
127	2664387	post	515	2554
127	2669387	post	515	2554
127	2674387	post	515	2554
127	2679387	post	515	2554
127	2684387	post	515	2554
127	2689387	post	515	2554
127	2694452	post	515	2554
127	2699383	post	515	2554
127	2704389	post	515	2554
127	2709388	post	515	2554
127	2714388	post	515	2554
127	2719389	post	515	2554
127	2724388	post	515	2554
127	2729388	post	515	2554
127	2734389	post	515	2554
127	2739388	post	515	2554
127	2744388	post	515	2554
127	2749388	post	515	2554
127	2754388	post	515	2554
127	2759389	post	515	2554
127	2764389	post	515	2554
127	2769389	post	515	2554
127	2774389	post	515	2554
127	2779389	post	515	2554
127	2784389	post	515	2554
127	2789389	post	515	2554
127	2794389	post	515	2554
127	2799389	post	515	2554
127	2804389	post	515	2554
127	2809389	post	515	2554
127	2814389	post	515	2554
127	2819389	post	515	2554
127	2824389	post	515	2554
127	2829390	post	515	2554
127	2834390	post	515	2554
127	2839390	post	515	2554
127	2844390	post	515	2554
127	2849390	post	515	2554
127	2854390	post	515	2554
127	2859390	post	515	2554
127	2864390	post	515	2554
127	2869390	post	515	2554
127	2874390	post	515	2554
127	2879391	post	515	2554
127	2884390	post	515	2554
127	2889390	post	515	2554
127	2894391	post	515	2554
127	2899391	post	515	2554
127	2904391	post	515	2554
127	2909391	post	515	2554
127	2914391	post	515	2554
127	2919391	post	515	2554
127	2924391	post	515	2554
127	2929391	post	515	2554
127	2934391	post	515	2554
127	2939391	post	515	2554
127	2944391	post	515	2554
127	2949391	post	515	2554
127	2954392	post	515	2554
127	2959392	post	515	2554
127	2964392	post	515	2554
127	2969392	post	515	2554
127	2974392	post	515	2554
127	2979392	post	515	2554
127	2984392	post	515	2554
127	2989392	post	515	2554
127	2994392	post	515	2554
127	2999392	post	515	2554
127	3004392	post	515	2554
127	3009392	post	515	2554
127	3014383	post	515	2554
127	3019383	post	515	2554
127	3024383	post	515	2554
127	3029383	post	515	2554
127	3034383	post	515	2554
127	3039383	post	515	2554
127	3044383	post	515	2554
127	3049383	post	515	2554
127	3054383	post	515	2554
127	3059383	post	515	2554
127	3064383	post	515	2554
127	3069383	post	515	2554
127	3074384	post	515	2554
127	3079384	post	515	2554
127	3084384	post	515	2554
127	3089384	post	515	2554
127	3094384	post	515	2554
127	3099384	post	515	2554
127	3104384	post	515	2554
127	3109384	post	515	2554
127	3114384	post	515	2554
127	3119384	post	515	2554
127	3124384	post	515	2554
