127	1896438	post	525	1274
127	1911435	post	525	1274
127	1926451	post	525	1274
127	1941456	post	525	1274
127	1956466	post	525	1274
127	1963246	post	525	1274
127	1987386	post	525	1274
127	1992207	post	525	1274
127	2010233	post	525	1274
127	2023136	post	525	1274
127	2037465	post	525	1274
127	2049723	post	525	1274
127	2074309	post	525	1274
127	2104359	post	525	1274
127	2108611	post	525	1274
127	2113188	post	525	1274
127	2129278	post	525	1274
127	2143662	post	525	1274
127	2154535	post	525	1274
127	2168592	post	525	1274
127	2185333	post	525	1274
127	2198823	post	525	1274
127	2213642	post	525	1274
127	2229419	post	525	1274
127	2243615	post	525	1274
127	2258663	post	525	1274
127	2273621	post	525	1274
127	2288612	post	525	1274
127	2303632	post	525	1274
127	2318641	post	525	1274
127	2333631	post	525	1274
127	2348652	post	525	1274
127	2363650	post	525	1274
127	2378651	post	525	1274
127	2393674	post	525	1274
127	2408692	post	525	1274
127	2423684	post	525	1274
127	2438692	post	525	1274
127	2453722	post	525	1274
127	2469007	post	525	1274
127	2483698	post	525	1274
127	2498723	post	525	1274
127	2513707	post	525	1274
127	2528767	post	525	1274
127	2543731	post	525	1274
127	2558729	post	525	1274
127	2573763	post	525	1274
127	2588771	post	525	1274
127	2603760	post	525	1274
127	2618773	post	525	1274
127	2633767	post	525	1274
127	2648770	post	525	1274
127	2666445	post	525	1274
127	2680592	post	525	1274
127	2697768	post	525	1274
127	2710238	post	525	1274
127	2724778	post	525	1274
127	2740388	post	525	1274
127	2755116	post	525	1274
127	2769819	post	525	1274
127	2784924	post	525	1274
127	2799828	post	525	1274
127	2814870	post	525	1274
127	2829871	post	525	1274
127	2844860	post	525	1274
127	2859876	post	525	1274
127	2874876	post	525	1274
127	2889899	post	525	1274
127	2904902	post	525	1274
127	2919912	post	525	1274
127	2934962	post	525	1274
127	2949930	post	525	1274
127	2964943	post	525	1274
127	2979942	post	525	1274
127	2995049	post	525	1274
127	3009945	post	525	1274
127	3025060	post	525	1274
127	3040002	post	525	1274
127	3055565	post	525	1274
127	3070035	post	525	1274
127	3085311	post	525	1274
127	3100049	post	525	1274
127	3115251	post	525	1274
