127	1896438	post	526	1274
127	1911435	post	526	1274
127	1926451	post	526	1274
127	1941456	post	526	1274
127	1956466	post	526	1274
127	1963245	post	526	1274
127	1987386	post	526	1274
127	1992207	post	526	1274
127	2010234	post	526	1274
127	2023136	post	526	1274
127	2037465	post	526	1274
127	2049723	post	526	1274
127	2074309	post	526	1274
127	2104360	post	526	1274
127	2108611	post	526	1274
127	2113188	post	526	1274
127	2129272	post	526	1274
127	2143662	post	526	1274
127	2154535	post	526	1274
127	2168593	post	526	1274
127	2185332	post	526	1274
127	2198824	post	526	1274
127	2213642	post	526	1274
127	2229421	post	526	1274
127	2243614	post	526	1274
127	2258663	post	526	1274
127	2273620	post	526	1274
127	2288618	post	526	1274
127	2303631	post	526	1274
127	2318641	post	526	1274
127	2333632	post	526	1274
127	2348652	post	526	1274
127	2363651	post	526	1274
127	2378652	post	526	1274
127	2393674	post	526	1274
127	2408692	post	526	1274
127	2423685	post	526	1274
127	2438692	post	526	1274
127	2453722	post	526	1274
127	2469007	post	526	1274
127	2483698	post	526	1274
127	2498724	post	526	1274
127	2513706	post	526	1274
127	2528767	post	526	1274
127	2543731	post	526	1274
127	2558728	post	526	1274
127	2573763	post	526	1274
127	2588772	post	526	1274
127	2603760	post	526	1274
127	2618773	post	526	1274
127	2633770	post	526	1274
127	2648770	post	526	1274
127	2666445	post	526	1274
127	2680593	post	526	1274
127	2697768	post	526	1274
127	2710238	post	526	1274
127	2724777	post	526	1274
127	2740388	post	526	1274
127	2755117	post	526	1274
127	2769818	post	526	1274
127	2784924	post	526	1274
127	2799828	post	526	1274
127	2814870	post	526	1274
127	2829871	post	526	1274
127	2844859	post	526	1274
127	2859876	post	526	1274
127	2874876	post	526	1274
127	2889899	post	526	1274
127	2904902	post	526	1274
127	2919911	post	526	1274
127	2934963	post	526	1274
127	2949931	post	526	1274
127	2964943	post	526	1274
127	2979942	post	526	1274
127	2995048	post	526	1274
127	3009945	post	526	1274
127	3025059	post	526	1274
127	3040002	post	526	1274
127	3055565	post	526	1274
127	3070035	post	526	1274
127	3085312	post	526	1274
127	3100049	post	526	1274
127	3115251	post	526	1274
