127	1896180	post	527	1274
127	1899883	post	527	1274
127	1907647	post	527	1274
127	1921091	post	527	1274
127	1934662	post	527	1274
127	1949250	post	527	1274
127	1964667	post	527	1274
127	1979449	post	527	1274
127	1994464	post	527	1274
127	2011377	post	527	1274
127	2025854	post	527	1274
127	2039682	post	527	1274
127	2054272	post	527	1274
127	2070767	post	527	1274
127	2084955	post	527	1274
127	2099400	post	527	1274
127	2114501	post	527	1274
127	2129686	post	527	1274
127	2144679	post	527	1274
127	2159532	post	527	1274
127	2174632	post	527	1274
127	2189981	post	527	1274
127	2204451	post	527	1274
127	2220865	post	527	1274
127	2234483	post	527	1274
127	2249490	post	527	1274
127	2264496	post	527	1274
127	2279517	post	527	1274
127	2297877	post	527	1274
127	2309698	post	527	1274
127	2324555	post	527	1274
127	2339544	post	527	1274
127	2354568	post	527	1274
127	2370770	post	527	1274
127	2384630	post	527	1274
127	2399636	post	527	1274
127	2414639	post	527	1274
127	2429650	post	527	1274
127	2444665	post	527	1274
127	2459684	post	527	1274
127	2474684	post	527	1274
127	2489694	post	527	1274
127	2504703	post	527	1274
127	2519853	post	527	1274
127	2534841	post	527	1274
127	2549869	post	527	1274
127	2564872	post	527	1274
127	2579884	post	527	1274
127	2594895	post	527	1274
127	2610070	post	527	1274
127	2624925	post	527	1274
127	2639947	post	527	1274
127	2655018	post	527	1274
127	2670225	post	527	1274
127	2684997	post	527	1274
127	2700703	post	527	1274
127	2715011	post	527	1274
127	2730034	post	527	1274
127	2745042	post	527	1274
127	2760083	post	527	1274
127	2775076	post	527	1274
127	2790069	post	527	1274
127	2805074	post	527	1274
127	2820107	post	527	1274
127	2835099	post	527	1274
127	2850109	post	527	1274
127	2865130	post	527	1274
127	2880125	post	527	1274
127	2895144	post	527	1274
127	2910158	post	527	1274
127	2925157	post	527	1274
127	2940176	post	527	1274
127	2955260	post	527	1274
127	2970239	post	527	1274
127	2985303	post	527	1274
127	3000215	post	527	1274
127	3015237	post	527	1274
127	3030822	post	527	1274
127	3045382	post	527	1274
127	3060262	post	527	1274
127	3075265	post	527	1274
127	3090288	post	527	1274
127	3105289	post	527	1274
127	3122084	post	527	1274
