127	1896433	post	528	2554
127	1901433	post	528	2554
127	1906433	post	528	2554
127	1911434	post	528	2554
127	1916434	post	528	2554
127	1921434	post	528	2554
127	1926434	post	528	2554
127	1931434	post	528	2554
127	1936434	post	528	2554
127	1941434	post	528	2554
127	1946434	post	528	2554
127	1951435	post	528	2554
127	1956435	post	528	2554
127	1961435	post	528	2554
127	1966435	post	528	2554
127	1971435	post	528	2554
127	1976435	post	528	2554
127	1981435	post	528	2554
127	1986506	post	528	2554
127	1991435	post	528	2554
127	1996435	post	528	2554
127	2001436	post	528	2554
127	2006489	post	528	2554
127	2011436	post	528	2554
127	2016436	post	528	2554
127	2021436	post	528	2554
127	2026436	post	528	2554
127	2031435	post	528	2554
127	2036446	post	528	2554
127	2041436	post	528	2554
127	2046436	post	528	2554
127	2051436	post	528	2554
127	2056437	post	528	2554
127	2061437	post	528	2554
127	2066437	post	528	2554
127	2071437	post	528	2554
127	2076437	post	528	2554
127	2081437	post	528	2554
127	2086437	post	528	2554
127	2091436	post	528	2554
127	2096436	post	528	2554
127	2101437	post	528	2554
127	2106436	post	528	2554
127	2111438	post	528	2554
127	2116437	post	528	2554
127	2121478	post	528	2554
127	2126437	post	528	2554
127	2131442	post	528	2554
127	2136438	post	528	2554
127	2141437	post	528	2554
127	2146437	post	528	2554
127	2151437	post	528	2554
127	2156437	post	528	2554
127	2161437	post	528	2554
127	2166437	post	528	2554
127	2171438	post	528	2554
127	2176438	post	528	2554
127	2181438	post	528	2554
127	2186439	post	528	2554
127	2191439	post	528	2554
127	2196438	post	528	2554
127	2201438	post	528	2554
127	2206438	post	528	2554
127	2211438	post	528	2554
127	2216438	post	528	2554
127	2221439	post	528	2554
127	2226439	post	528	2554
127	2231440	post	528	2554
127	2236439	post	528	2554
127	2241449	post	528	2554
127	2246439	post	528	2554
127	2251439	post	528	2554
127	2256440	post	528	2554
127	2261439	post	528	2554
127	2266440	post	528	2554
127	2271439	post	528	2554
127	2276541	post	528	2554
127	2281439	post	528	2554
127	2286440	post	528	2554
127	2291440	post	528	2554
127	2296440	post	528	2554
127	2301440	post	528	2554
127	2306440	post	528	2554
127	2311440	post	528	2554
127	2316440	post	528	2554
127	2321440	post	528	2554
127	2326442	post	528	2554
127	2331440	post	528	2554
127	2336441	post	528	2554
127	2341440	post	528	2554
127	2346512	post	528	2554
127	2351441	post	528	2554
127	2356441	post	528	2554
127	2361441	post	528	2554
127	2366441	post	528	2554
127	2371441	post	528	2554
127	2376441	post	528	2554
127	2381441	post	528	2554
127	2386441	post	528	2554
127	2391441	post	528	2554
127	2396441	post	528	2554
127	2401441	post	528	2554
127	2406442	post	528	2554
127	2411432	post	528	2554
127	2416432	post	528	2554
127	2421432	post	528	2554
127	2426433	post	528	2554
127	2431432	post	528	2554
127	2436432	post	528	2554
127	2441432	post	528	2554
127	2446432	post	528	2554
127	2451432	post	528	2554
127	2456433	post	528	2554
127	2461433	post	528	2554
127	2466433	post	528	2554
127	2471433	post	528	2554
127	2476433	post	528	2554
127	2481433	post	528	2554
127	2486433	post	528	2554
127	2491433	post	528	2554
127	2496433	post	528	2554
127	2501434	post	528	2554
127	2506433	post	528	2554
127	2511433	post	528	2554
127	2516433	post	528	2554
127	2521434	post	528	2554
127	2526434	post	528	2554
127	2531434	post	528	2554
127	2536435	post	528	2554
127	2541434	post	528	2554
127	2546434	post	528	2554
127	2551434	post	528	2554
127	2556434	post	528	2554
127	2561434	post	528	2554
127	2566434	post	528	2554
127	2571434	post	528	2554
127	2576435	post	528	2554
127	2581435	post	528	2554
127	2586436	post	528	2554
127	2591435	post	528	2554
127	2596435	post	528	2554
127	2601435	post	528	2554
127	2606435	post	528	2554
127	2611435	post	528	2554
127	2616435	post	528	2554
127	2621435	post	528	2554
127	2626435	post	528	2554
127	2631436	post	528	2554
127	2636436	post	528	2554
127	2641436	post	528	2554
127	2646436	post	528	2554
127	2651437	post	528	2554
127	2656437	post	528	2554
127	2661436	post	528	2554
127	2666436	post	528	2554
127	2671437	post	528	2554
127	2676437	post	528	2554
127	2681436	post	528	2554
127	2686437	post	528	2554
127	2691436	post	528	2554
127	2696437	post	528	2554
127	2701438	post	528	2554
127	2706437	post	528	2554
127	2711438	post	528	2554
127	2716438	post	528	2554
127	2721438	post	528	2554
127	2726438	post	528	2554
127	2731438	post	528	2554
127	2736437	post	528	2554
127	2741437	post	528	2554
127	2746437	post	528	2554
127	2751437	post	528	2554
127	2756438	post	528	2554
127	2761438	post	528	2554
127	2766438	post	528	2554
127	2771438	post	528	2554
127	2776438	post	528	2554
127	2781438	post	528	2554
127	2786438	post	528	2554
127	2791438	post	528	2554
127	2796438	post	528	2554
127	2801438	post	528	2554
127	2806438	post	528	2554
127	2811438	post	528	2554
127	2816438	post	528	2554
127	2821438	post	528	2554
127	2826438	post	528	2554
127	2831440	post	528	2554
127	2836439	post	528	2554
127	2841439	post	528	2554
127	2846439	post	528	2554
127	2851439	post	528	2554
127	2856440	post	528	2554
127	2861439	post	528	2554
127	2866439	post	528	2554
127	2871439	post	528	2554
127	2876439	post	528	2554
127	2881439	post	528	2554
127	2886439	post	528	2554
127	2891440	post	528	2554
127	2896440	post	528	2554
127	2901440	post	528	2554
127	2906440	post	528	2554
127	2911441	post	528	2554
127	2916440	post	528	2554
127	2921440	post	528	2554
127	2926440	post	528	2554
127	2931440	post	528	2554
127	2936440	post	528	2554
127	2941440	post	528	2554
127	2946440	post	528	2554
127	2951443	post	528	2554
127	2956441	post	528	2554
127	2961442	post	528	2554
127	2966441	post	528	2554
127	2971441	post	528	2554
127	2976441	post	528	2554
127	2981441	post	528	2554
127	2986441	post	528	2554
127	2991441	post	528	2554
127	2996441	post	528	2554
127	3001441	post	528	2554
127	3006441	post	528	2554
127	3011432	post	528	2554
127	3016432	post	528	2554
127	3021432	post	528	2554
127	3026432	post	528	2554
127	3031432	post	528	2554
127	3036432	post	528	2554
127	3041432	post	528	2554
127	3046432	post	528	2554
127	3051432	post	528	2554
127	3056433	post	528	2554
127	3061432	post	528	2554
127	3066433	post	528	2554
127	3071434	post	528	2554
127	3076433	post	528	2554
127	3081433	post	528	2554
127	3086433	post	528	2554
127	3091433	post	528	2554
127	3096433	post	528	2554
127	3101433	post	528	2554
127	3106433	post	528	2554
127	3111433	post	528	2554
127	3116433	post	528	2554
127	3121433	post	528	2554
127	3126433	post	528	2554
