127	1896181	post	529	1274
127	1899883	post	529	1274
127	1907647	post	529	1274
127	1921092	post	529	1274
127	1934667	post	529	1274
127	1949251	post	529	1274
127	1964648	post	529	1274
127	1979450	post	529	1274
127	1994465	post	529	1274
127	2011380	post	529	1274
127	2025854	post	529	1274
127	2039683	post	529	1274
127	2054273	post	529	1274
127	2070767	post	529	1274
127	2084955	post	529	1274
127	2099400	post	529	1274
127	2114501	post	529	1274
127	2129686	post	529	1274
127	2144679	post	529	1274
127	2159533	post	529	1274
127	2174633	post	529	1274
127	2189977	post	529	1274
127	2204452	post	529	1274
127	2220866	post	529	1274
127	2234483	post	529	1274
127	2249491	post	529	1274
127	2264498	post	529	1274
127	2279518	post	529	1274
127	2297878	post	529	1274
127	2309699	post	529	1274
127	2324554	post	529	1274
127	2339544	post	529	1274
127	2354569	post	529	1274
127	2370770	post	529	1274
127	2384636	post	529	1274
127	2399636	post	529	1274
127	2414639	post	529	1274
127	2429650	post	529	1274
127	2444666	post	529	1274
127	2459684	post	529	1274
127	2474685	post	529	1274
127	2489694	post	529	1274
127	2504704	post	529	1274
127	2519853	post	529	1274
127	2534842	post	529	1274
127	2549869	post	529	1274
127	2564873	post	529	1274
127	2579885	post	529	1274
127	2594896	post	529	1274
127	2610071	post	529	1274
127	2624926	post	529	1274
127	2639948	post	529	1274
127	2655018	post	529	1274
127	2670225	post	529	1274
127	2684998	post	529	1274
127	2700704	post	529	1274
127	2715012	post	529	1274
127	2730035	post	529	1274
127	2745042	post	529	1274
127	2760083	post	529	1274
127	2775077	post	529	1274
127	2790069	post	529	1274
127	2805075	post	529	1274
127	2820108	post	529	1274
127	2835099	post	529	1274
127	2850110	post	529	1274
127	2865132	post	529	1274
127	2880125	post	529	1274
127	2895145	post	529	1274
127	2910158	post	529	1274
127	2925157	post	529	1274
127	2940176	post	529	1274
127	2955260	post	529	1274
127	2970239	post	529	1274
127	2985304	post	529	1274
127	3000216	post	529	1274
127	3015240	post	529	1274
127	3030823	post	529	1274
127	3045382	post	529	1274
127	3060263	post	529	1274
127	3075265	post	529	1274
127	3090288	post	529	1274
127	3105289	post	529	1274
127	3122085	post	529	1274
