127	1897814	post	534	1274
127	1911772	post	534	1274
127	1930098	post	534	1274
127	1941880	post	534	1274
127	1956809	post	534	1274
127	1974283	post	534	1274
127	1986860	post	534	1274
127	2002163	post	534	1274
127	2017021	post	534	1274
127	2035416	post	534	1274
127	2055690	post	534	1274
127	2070854	post	534	1274
127	2087728	post	534	1274
127	2108074	post	534	1274
127	2128176	post	534	1274
127	2158672	post	534	1274
127	2173681	post	534	1274
127	2182493	post	534	1274
127	2198031	post	534	1274
127	2213684	post	534	1274
127	2228200	post	534	1274
127	2243112	post	534	1274
127	2258078	post	534	1274
127	2273102	post	534	1274
127	2288124	post	534	1274
127	2303143	post	534	1274
127	2318151	post	534	1274
127	2333177	post	534	1274
127	2348175	post	534	1274
127	2363199	post	534	1274
127	2378199	post	534	1274
127	2393201	post	534	1274
127	2408210	post	534	1274
127	2423224	post	534	1274
127	2438233	post	534	1274
127	2453272	post	534	1274
127	2468252	post	534	1274
127	2483261	post	534	1274
127	2498267	post	534	1274
127	2513280	post	534	1274
127	2528287	post	534	1274
127	2543298	post	534	1274
127	2558305	post	534	1274
127	2573320	post	534	1274
127	2588324	post	534	1274
127	2603331	post	534	1274
127	2618361	post	534	1274
127	2633372	post	534	1274
127	2648383	post	534	1274
127	2664450	post	534	1274
127	2678630	post	534	1274
127	2693746	post	534	1274
127	2708276	post	534	1274
127	2723287	post	534	1274
127	2738285	post	534	1274
127	2753380	post	534	1274
127	2768419	post	534	1274
127	2783530	post	534	1274
127	2798360	post	534	1274
127	2813362	post	534	1274
127	2828366	post	534	1274
127	2843394	post	534	1274
127	2858981	post	534	1274
127	2873872	post	534	1274
127	2888891	post	534	1274
127	2903926	post	534	1274
127	2919153	post	534	1274
127	2934273	post	534	1274
127	2948970	post	534	1274
127	2963949	post	534	1274
127	2979106	post	534	1274
127	2994016	post	534	1274
127	3009024	post	534	1274
127	3024015	post	534	1274
127	3039005	post	534	1274
127	3055717	post	534	1274
127	3069237	post	534	1274
127	3084041	post	534	1274
127	3099058	post	534	1274
127	3114120	post	534	1274
