127	1897812	post	535	1274
127	1911769	post	535	1274
127	1930088	post	535	1274
127	1941879	post	535	1274
127	1956809	post	535	1274
127	1974280	post	535	1274
127	1986860	post	535	1274
127	2002162	post	535	1274
127	2017020	post	535	1274
127	2035415	post	535	1274
127	2055680	post	535	1274
127	2070853	post	535	1274
127	2087727	post	535	1274
127	2108073	post	535	1274
127	2128174	post	535	1274
127	2158672	post	535	1274
127	2173680	post	535	1274
127	2182491	post	535	1274
127	2198030	post	535	1274
127	2213684	post	535	1274
127	2228200	post	535	1274
127	2243112	post	535	1274
127	2258078	post	535	1274
127	2273102	post	535	1274
127	2288123	post	535	1274
127	2303143	post	535	1274
127	2318151	post	535	1274
127	2333177	post	535	1274
127	2348175	post	535	1274
127	2363199	post	535	1274
127	2378199	post	535	1274
127	2393201	post	535	1274
127	2408209	post	535	1274
127	2423223	post	535	1274
127	2438233	post	535	1274
127	2453271	post	535	1274
127	2468250	post	535	1274
127	2483260	post	535	1274
127	2498268	post	535	1274
127	2513280	post	535	1274
127	2528287	post	535	1274
127	2543298	post	535	1274
127	2558304	post	535	1274
127	2573320	post	535	1274
127	2588324	post	535	1274
127	2603329	post	535	1274
127	2618360	post	535	1274
127	2633371	post	535	1274
127	2648383	post	535	1274
127	2664449	post	535	1274
127	2678636	post	535	1274
127	2693745	post	535	1274
127	2708275	post	535	1274
127	2723286	post	535	1274
127	2738284	post	535	1274
127	2753380	post	535	1274
127	2768418	post	535	1274
127	2783528	post	535	1274
127	2798359	post	535	1274
127	2813363	post	535	1274
127	2828367	post	535	1274
127	2843393	post	535	1274
127	2858981	post	535	1274
127	2873872	post	535	1274
127	2888891	post	535	1274
127	2903925	post	535	1274
127	2919153	post	535	1274
127	2934274	post	535	1274
127	2948971	post	535	1274
127	2963949	post	535	1274
127	2979106	post	535	1274
127	2994016	post	535	1274
127	3009024	post	535	1274
127	3024015	post	535	1274
127	3039005	post	535	1274
127	3055717	post	535	1274
127	3069237	post	535	1274
127	3084041	post	535	1274
127	3099059	post	535	1274
127	3114119	post	535	1274
