127	1900113	post	537	2554
127	1905113	post	537	2554
127	1910114	post	537	2554
127	1915114	post	537	2554
127	1920114	post	537	2554
127	1925114	post	537	2554
127	1930114	post	537	2554
127	1935114	post	537	2554
127	1940114	post	537	2554
127	1945114	post	537	2554
127	1950114	post	537	2554
127	1955115	post	537	2554
127	1960115	post	537	2554
127	1965115	post	537	2554
127	1970115	post	537	2554
127	1975108	post	537	2554
127	1980114	post	537	2554
127	1985115	post	537	2554
127	1990115	post	537	2554
127	1995115	post	537	2554
127	2000113	post	537	2554
127	2005116	post	537	2554
127	2010115	post	537	2554
127	2015115	post	537	2554
127	2020115	post	537	2554
127	2025116	post	537	2554
127	2030115	post	537	2554
127	2035115	post	537	2554
127	2040116	post	537	2554
127	2045115	post	537	2554
127	2050116	post	537	2554
127	2055107	post	537	2554
127	2060107	post	537	2554
127	2065107	post	537	2554
127	2070107	post	537	2554
127	2075107	post	537	2554
127	2080107	post	537	2554
127	2085106	post	537	2554
127	2090106	post	537	2554
127	2095106	post	537	2554
127	2100106	post	537	2554
127	2105106	post	537	2554
127	2110106	post	537	2554
127	2115107	post	537	2554
127	2120107	post	537	2554
127	2125107	post	537	2554
127	2130112	post	537	2554
127	2135107	post	537	2554
127	2140107	post	537	2554
127	2145107	post	537	2554
127	2150107	post	537	2554
127	2155107	post	537	2554
127	2160107	post	537	2554
127	2165107	post	537	2554
127	2170108	post	537	2554
127	2175108	post	537	2554
127	2180108	post	537	2554
127	2185108	post	537	2554
127	2190108	post	537	2554
127	2195204	post	537	2554
127	2200201	post	537	2554
127	2205108	post	537	2554
127	2210108	post	537	2554
127	2215108	post	537	2554
127	2220108	post	537	2554
127	2225108	post	537	2554
127	2230109	post	537	2554
127	2235109	post	537	2554
127	2240109	post	537	2554
127	2245109	post	537	2554
127	2250109	post	537	2554
127	2255109	post	537	2554
127	2260109	post	537	2554
127	2265109	post	537	2554
127	2270109	post	537	2554
127	2275109	post	537	2554
127	2280110	post	537	2554
127	2285110	post	537	2554
127	2290110	post	537	2554
127	2295110	post	537	2554
127	2300110	post	537	2554
127	2305115	post	537	2554
127	2310110	post	537	2554
127	2315111	post	537	2554
127	2320111	post	537	2554
127	2325110	post	537	2554
127	2330110	post	537	2554
127	2335110	post	537	2554
127	2340110	post	537	2554
127	2345111	post	537	2554
127	2350111	post	537	2554
127	2355111	post	537	2554
127	2360111	post	537	2554
127	2365111	post	537	2554
127	2370111	post	537	2554
127	2375111	post	537	2554
127	2380111	post	537	2554
127	2385111	post	537	2554
127	2390111	post	537	2554
127	2395112	post	537	2554
127	2400111	post	537	2554
127	2405112	post	537	2554
127	2410112	post	537	2554
127	2415112	post	537	2554
127	2420112	post	537	2554
127	2425112	post	537	2554
127	2430112	post	537	2554
127	2435112	post	537	2554
127	2440112	post	537	2554
127	2445112	post	537	2554
127	2450112	post	537	2554
127	2455112	post	537	2554
127	2460112	post	537	2554
127	2465113	post	537	2554
127	2470113	post	537	2554
127	2475113	post	537	2554
127	2480113	post	537	2554
127	2485113	post	537	2554
127	2490113	post	537	2554
127	2495113	post	537	2554
127	2500113	post	537	2554
127	2505113	post	537	2554
127	2510114	post	537	2554
127	2515113	post	537	2554
127	2520114	post	537	2554
127	2525114	post	537	2554
127	2530114	post	537	2554
127	2535114	post	537	2554
127	2540115	post	537	2554
127	2545114	post	537	2554
127	2550114	post	537	2554
127	2555114	post	537	2554
127	2560114	post	537	2554
127	2565114	post	537	2554
127	2570114	post	537	2554
127	2575114	post	537	2554
127	2580115	post	537	2554
127	2585115	post	537	2554
127	2590115	post	537	2554
127	2595115	post	537	2554
127	2600115	post	537	2554
127	2605115	post	537	2554
127	2610115	post	537	2554
127	2615115	post	537	2554
127	2620115	post	537	2554
127	2625115	post	537	2554
127	2630115	post	537	2554
127	2635115	post	537	2554
127	2640106	post	537	2554
127	2645106	post	537	2554
127	2650106	post	537	2554
127	2655107	post	537	2554
127	2660107	post	537	2554
127	2665107	post	537	2554
127	2670106	post	537	2554
127	2675106	post	537	2554
127	2680106	post	537	2554
127	2685106	post	537	2554
127	2690106	post	537	2554
127	2695107	post	537	2554
127	2700107	post	537	2554
127	2705107	post	537	2554
127	2710107	post	537	2554
127	2715107	post	537	2554
127	2720107	post	537	2554
127	2725107	post	537	2554
127	2730107	post	537	2554
127	2735107	post	537	2554
127	2740107	post	537	2554
127	2745107	post	537	2554
127	2750107	post	537	2554
127	2755108	post	537	2554
127	2760108	post	537	2554
127	2765108	post	537	2554
127	2770108	post	537	2554
127	2775108	post	537	2554
127	2780108	post	537	2554
127	2785108	post	537	2554
127	2790108	post	537	2554
127	2795108	post	537	2554
127	2800108	post	537	2554
127	2805191	post	537	2554
127	2810108	post	537	2554
127	2815108	post	537	2554
127	2820108	post	537	2554
127	2825108	post	537	2554
127	2830109	post	537	2554
127	2835109	post	537	2554
127	2840109	post	537	2554
127	2845109	post	537	2554
127	2850110	post	537	2554
127	2855109	post	537	2554
127	2860109	post	537	2554
127	2865109	post	537	2554
127	2870109	post	537	2554
127	2875109	post	537	2554
127	2880109	post	537	2554
127	2885109	post	537	2554
127	2890110	post	537	2554
127	2895110	post	537	2554
127	2900110	post	537	2554
127	2905110	post	537	2554
127	2910110	post	537	2554
127	2915110	post	537	2554
127	2920110	post	537	2554
127	2925110	post	537	2554
127	2930110	post	537	2554
127	2935110	post	537	2554
127	2940110	post	537	2554
127	2945110	post	537	2554
127	2950110	post	537	2554
127	2955111	post	537	2554
127	2960111	post	537	2554
127	2965111	post	537	2554
127	2970111	post	537	2554
127	2975111	post	537	2554
127	2980111	post	537	2554
127	2985111	post	537	2554
127	2990111	post	537	2554
127	2995112	post	537	2554
127	3000111	post	537	2554
127	3005111	post	537	2554
127	3010112	post	537	2554
127	3015112	post	537	2554
127	3020112	post	537	2554
127	3025112	post	537	2554
127	3030112	post	537	2554
127	3035112	post	537	2554
127	3040112	post	537	2554
127	3045112	post	537	2554
127	3050112	post	537	2554
127	3055112	post	537	2554
127	3060112	post	537	2554
127	3065112	post	537	2554
127	3070113	post	537	2554
127	3075113	post	537	2554
127	3080113	post	537	2554
127	3085113	post	537	2554
127	3090113	post	537	2554
127	3095113	post	537	2554
127	3100114	post	537	2554
127	3105114	post	537	2554
127	3110114	post	537	2554
127	3115113	post	537	2554
127	3120113	post	537	2554
127	3125113	post	537	2554
