1	1912510	post	572	749
1	1914832	post	572	749
1	1919489	post	572	749
1	1924570	post	572	749
1	1929625	post	572	749
1	1934843	post	572	749
1	1939480	post	572	749
1	1944480	post	572	749
1	1949378	post	572	749
1	1954631	post	572	749
1	1959481	post	572	749
1	1964551	post	572	749
1	1969675	post	572	749
1	1974481	post	572	749
1	1979481	post	572	749
1	1984781	post	572	749
1	1989491	post	572	749
1	1994362	post	572	749
1	1999134	post	572	749
1	2004537	post	572	749
1	2009824	post	572	749
1	2014834	post	572	749
1	2019394	post	572	749
1	2024989	post	572	749
1	2029591	post	572	749
1	2035047	post	572	749
1	2039639	post	572	749
1	2044488	post	572	749
1	2049482	post	572	749
1	2054479	post	572	749
1	2059485	post	572	749
1	2064525	post	572	749
1	2069478	post	572	749
1	2074488	post	572	749
1	2079489	post	572	749
1	2084639	post	572	749
1	2089490	post	572	749
1	2094621	post	572	749
1	2099501	post	572	749
1	2104501	post	572	749
1	2109903	post	572	749
1	2114610	post	572	749
1	2119487	post	572	749
1	2124739	post	572	749
1	2129498	post	572	749
1	2134510	post	572	749
1	2140028	post	572	749
1	2144776	post	572	749
1	2149487	post	572	749
1	2154585	post	572	749
1	2160272	post	572	749
1	2164539	post	572	749
1	2169167	post	572	749
1	2174568	post	572	749
1	2179517	post	572	749
1	2184488	post	572	749
1	2189810	post	572	749
1	2194490	post	572	749
1	2199499	post	572	749
1	2204500	post	572	749
1	2209490	post	572	749
1	2214803	post	572	749
1	2219491	post	572	749
1	2226426	post	572	749
1	2229983	post	572	749
1	2234562	post	572	749
1	2240051	post	572	749
1	2244683	post	572	749
1	2250395	post	572	749
1	2254525	post	572	749
1	2259159	post	572	749
1	2264499	post	572	749
1	2269540	post	572	749
1	2274493	post	572	749
1	2279491	post	572	749
1	2284701	post	572	749
1	2289500	post	572	749
1	2294492	post	572	749
1	2299480	post	572	749
1	2304480	post	572	749
1	2310026	post	572	749
1	2314503	post	572	749
1	2319480	post	572	749
1	2324511	post	572	749
1	2329412	post	572	749
1	2334493	post	572	749
1	2339485	post	572	749
1	2344173	post	572	749
1	2349491	post	572	749
1	2354336	post	572	749
1	2359481	post	572	749
1	2364482	post	572	749
1	2369492	post	572	749
1	2374483	post	572	749
1	2379576	post	572	749
1	2384482	post	572	749
1	2389482	post	572	749
1	2394512	post	572	749
1	2399492	post	572	749
1	2404492	post	572	749
1	2409492	post	572	749
1	2414525	post	572	749
1	2419492	post	572	749
1	2424591	post	572	749
1	2429493	post	572	749
1	2434493	post	572	749
1	2439496	post	572	749
1	2444486	post	572	749
1	2449493	post	572	749
1	2454493	post	572	749
1	2459513	post	572	749
1	2464483	post	572	749
1	2469493	post	572	749
1	2474483	post	572	749
1	2479483	post	572	749
1	2484495	post	572	749
1	2489484	post	572	749
1	2494484	post	572	749
1	2499569	post	572	749
1	2504494	post	572	749
1	2509495	post	572	749
1	2514494	post	572	749
1	2519484	post	572	749
1	2524484	post	572	749
1	2529485	post	572	749
1	2534517	post	572	749
1	2539495	post	572	749
1	2544495	post	572	749
1	2549486	post	572	749
1	2554516	post	572	749
1	2559495	post	572	749
1	2564484	post	572	749
1	2569495	post	572	749
1	2574495	post	572	749
1	2579487	post	572	749
1	2584495	post	572	749
1	2589485	post	572	749
1	2594495	post	572	749
1	2599495	post	572	749
1	2604475	post	572	749
1	2609486	post	572	749
1	2614495	post	572	749
1	2619496	post	572	749
1	2624531	post	572	749
1	2629496	post	572	749
1	2634486	post	572	749
1	2639588	post	572	749
1	2644512	post	572	749
1	2649476	post	572	749
1	2654636	post	572	749
1	2659878	post	572	749
1	2664167	post	572	749
1	2670375	post	572	749
1	2674476	post	572	749
1	2679487	post	572	749
1	2684452	post	572	749
1	2690366	post	572	749
1	2694492	post	572	749
1	2699497	post	572	749
1	2704487	post	572	749
1	2709497	post	572	749
1	2715643	post	572	749
1	2719563	post	572	749
1	2724158	post	572	749
1	2729490	post	572	749
1	2734479	post	572	749
1	2739153	post	572	749
1	2744486	post	572	749
1	2749720	post	572	749
1	2754151	post	572	749
1	2759490	post	572	749
1	2764600	post	572	749
1	2769602	post	572	749
1	2774494	post	572	749
1	2779489	post	572	749
1	2784169	post	572	749
1	2789479	post	572	749
1	2794609	post	572	749
1	2799160	post	572	749
1	2804489	post	572	749
1	2809489	post	572	749
1	2814409	post	572	749
1	2819479	post	572	749
1	2824490	post	572	749
1	2829171	post	572	749
1	2834497	post	572	749
1	2839479	post	572	749
1	2844157	post	572	749
1	2849699	post	572	749
1	2854485	post	572	749
1	2859174	post	572	749
1	2864484	post	572	749
1	2869500	post	572	749
1	2874161	post	572	749
1	2879490	post	572	749
1	2884500	post	572	749
1	2889423	post	572	749
1	2894491	post	572	749
1	2899491	post	572	749
1	2904201	post	572	749
1	2909491	post	572	749
1	2914491	post	572	749
1	2920102	post	572	749
1	2924709	post	572	749
1	2930005	post	572	749
1	2934757	post	572	749
1	2940245	post	572	749
1	2944481	post	572	749
1	2949501	post	572	749
1	2956028	post	572	749
1	2959729	post	572	749
1	2964244	post	572	749
1	2969492	post	572	749
1	2974492	post	572	749
1	2979924	post	572	749
1	2984565	post	572	749
1	2990184	post	572	749
1	2994930	post	572	749
1	3001058	post	572	749
1	3004633	post	572	749
1	3009283	post	572	749
1	3016258	post	572	749
1	3019493	post	572	749
1	3024283	post	572	749
1	3029694	post	572	749
1	3034488	post	572	749
1	3039486	post	572	749
1	3044493	post	572	749
1	3049582	post	572	749
1	3055863	post	572	749
1	3059745	post	572	749
1	3064493	post	572	749
1	3069651	post	572	749
1	3074484	post	572	749
1	3079553	post	572	749
1	3084361	post	572	749
1	3089795	post	572	749
1	3094577	post	572	749
1	3099384	post	572	749
1	3104484	post	572	749
1	3109614	post	572	749
1	3114457	post	572	749
1	3119485	post	572	749
1	3124748	post	572	749
1	3129615	post	572	749
