127	1904634	post	575	2554
127	1909634	post	575	2554
127	1914634	post	575	2554
127	1919634	post	575	2554
127	1924634	post	575	2554
127	1929634	post	575	2554
127	1934634	post	575	2554
127	1939634	post	575	2554
127	1944634	post	575	2554
127	1949634	post	575	2554
127	1954625	post	575	2554
127	1959625	post	575	2554
127	1964625	post	575	2554
127	1969635	post	575	2554
127	1974625	post	575	2554
127	1979625	post	575	2554
127	1984625	post	575	2554
127	1989625	post	575	2554
127	1994625	post	575	2554
127	1999625	post	575	2554
127	2004626	post	575	2554
127	2009706	post	575	2554
127	2014626	post	575	2554
127	2019626	post	575	2554
127	2024626	post	575	2554
127	2029625	post	575	2554
127	2034626	post	575	2554
127	2039626	post	575	2554
127	2044626	post	575	2554
127	2049626	post	575	2554
127	2054627	post	575	2554
127	2059627	post	575	2554
127	2064627	post	575	2554
127	2069627	post	575	2554
127	2074627	post	575	2554
127	2079627	post	575	2554
127	2084627	post	575	2554
127	2089627	post	575	2554
127	2094626	post	575	2554
127	2099626	post	575	2554
127	2104627	post	575	2554
127	2109626	post	575	2554
127	2114627	post	575	2554
127	2119627	post	575	2554
127	2124627	post	575	2554
127	2129628	post	575	2554
127	2134628	post	575	2554
127	2139628	post	575	2554
127	2144628	post	575	2554
127	2149628	post	575	2554
127	2154627	post	575	2554
127	2159627	post	575	2554
127	2164628	post	575	2554
127	2169628	post	575	2554
127	2174629	post	575	2554
127	2179629	post	575	2554
127	2184629	post	575	2554
127	2189692	post	575	2554
127	2194628	post	575	2554
127	2199629	post	575	2554
127	2204629	post	575	2554
127	2209629	post	575	2554
127	2214628	post	575	2554
127	2219629	post	575	2554
127	2224628	post	575	2554
127	2229629	post	575	2554
127	2234630	post	575	2554
127	2239630	post	575	2554
127	2244630	post	575	2554
127	2249630	post	575	2554
127	2254630	post	575	2554
127	2259629	post	575	2554
127	2264630	post	575	2554
127	2269630	post	575	2554
127	2274630	post	575	2554
127	2279629	post	575	2554
127	2284631	post	575	2554
127	2289630	post	575	2554
127	2294631	post	575	2554
127	2299630	post	575	2554
127	2304631	post	575	2554
127	2309631	post	575	2554
127	2314631	post	575	2554
127	2319630	post	575	2554
127	2324630	post	575	2554
127	2329630	post	575	2554
127	2334631	post	575	2554
127	2339630	post	575	2554
127	2344632	post	575	2554
127	2349631	post	575	2554
127	2354631	post	575	2554
127	2359632	post	575	2554
127	2364631	post	575	2554
127	2369632	post	575	2554
127	2374632	post	575	2554
127	2379631	post	575	2554
127	2384637	post	575	2554
127	2389632	post	575	2554
127	2394631	post	575	2554
127	2399632	post	575	2554
127	2404633	post	575	2554
127	2409633	post	575	2554
127	2414632	post	575	2554
127	2419633	post	575	2554
127	2424633	post	575	2554
127	2429632	post	575	2554
127	2434632	post	575	2554
127	2439632	post	575	2554
127	2444632	post	575	2554
127	2449632	post	575	2554
127	2454633	post	575	2554
127	2459632	post	575	2554
127	2464634	post	575	2554
127	2469633	post	575	2554
127	2474633	post	575	2554
127	2479634	post	575	2554
127	2484633	post	575	2554
127	2489633	post	575	2554
127	2494634	post	575	2554
127	2499633	post	575	2554
127	2504633	post	575	2554
127	2509634	post	575	2554
127	2514633	post	575	2554
127	2519624	post	575	2554
127	2524625	post	575	2554
127	2529624	post	575	2554
127	2534624	post	575	2554
127	2539625	post	575	2554
127	2544624	post	575	2554
127	2549624	post	575	2554
127	2554625	post	575	2554
127	2559624	post	575	2554
127	2564624	post	575	2554
127	2569624	post	575	2554
127	2574625	post	575	2554
127	2579625	post	575	2554
127	2584626	post	575	2554
127	2589625	post	575	2554
127	2594625	post	575	2554
127	2599625	post	575	2554
127	2604626	post	575	2554
127	2609747	post	575	2554
127	2614625	post	575	2554
127	2619626	post	575	2554
127	2624625	post	575	2554
127	2629625	post	575	2554
127	2634625	post	575	2554
127	2639626	post	575	2554
127	2644626	post	575	2554
127	2649627	post	575	2554
127	2654627	post	575	2554
127	2659627	post	575	2554
127	2664627	post	575	2554
127	2669627	post	575	2554
127	2674627	post	575	2554
127	2679627	post	575	2554
127	2684627	post	575	2554
127	2689626	post	575	2554
127	2694628	post	575	2554
127	2699628	post	575	2554
127	2704627	post	575	2554
127	2709628	post	575	2554
127	2714628	post	575	2554
127	2719628	post	575	2554
127	2724628	post	575	2554
127	2729628	post	575	2554
127	2734628	post	575	2554
127	2739627	post	575	2554
127	2744627	post	575	2554
127	2749627	post	575	2554
127	2754629	post	575	2554
127	2759629	post	575	2554
127	2764629	post	575	2554
127	2769628	post	575	2554
127	2774628	post	575	2554
127	2779628	post	575	2554
127	2784628	post	575	2554
127	2789628	post	575	2554
127	2794628	post	575	2554
127	2799629	post	575	2554
127	2804628	post	575	2554
127	2809628	post	575	2554
127	2814628	post	575	2554
127	2819629	post	575	2554
127	2824628	post	575	2554
127	2829629	post	575	2554
127	2834629	post	575	2554
127	2839630	post	575	2554
127	2844629	post	575	2554
127	2849629	post	575	2554
127	2854629	post	575	2554
127	2859630	post	575	2554
127	2864629	post	575	2554
127	2869629	post	575	2554
127	2874629	post	575	2554
127	2879630	post	575	2554
127	2884630	post	575	2554
127	2889630	post	575	2554
127	2894630	post	575	2554
127	2899631	post	575	2554
127	2904631	post	575	2554
127	2909630	post	575	2554
127	2914631	post	575	2554
127	2919647	post	575	2554
127	2924625	post	575	2554
127	2929624	post	575	2554
127	2934630	post	575	2554
127	2939631	post	575	2554
127	2944631	post	575	2554
127	2949630	post	575	2554
127	2954632	post	575	2554
127	2959632	post	575	2554
127	2964631	post	575	2554
127	2969631	post	575	2554
127	2974632	post	575	2554
127	2979631	post	575	2554
127	2984631	post	575	2554
127	2989632	post	575	2554
127	2994631	post	575	2554
127	2999632	post	575	2554
127	3004631	post	575	2554
127	3009632	post	575	2554
127	3014632	post	575	2554
127	3019633	post	575	2554
127	3024632	post	575	2554
127	3029632	post	575	2554
127	3034633	post	575	2554
127	3039633	post	575	2554
127	3044633	post	575	2554
127	3049632	post	575	2554
127	3054632	post	575	2554
127	3059632	post	575	2554
127	3064632	post	575	2554
127	3069633	post	575	2554
127	3074633	post	575	2554
127	3079633	post	575	2554
127	3084633	post	575	2554
127	3089700	post	575	2554
127	3094634	post	575	2554
127	3099633	post	575	2554
127	3104633	post	575	2554
127	3109634	post	575	2554
127	3114633	post	575	2554
127	3119633	post	575	2554
127	3124633	post	575	2554
