127	1911772	post	591	1274
127	1930100	post	591	1274
127	1941880	post	591	1274
127	1956813	post	591	1274
127	1974280	post	591	1274
127	1986861	post	591	1274
127	2002164	post	591	1274
127	2017022	post	591	1274
127	2035417	post	591	1274
127	2055689	post	591	1274
127	2070854	post	591	1274
127	2087729	post	591	1274
127	2108073	post	591	1274
127	2128176	post	591	1274
127	2158673	post	591	1274
127	2173681	post	591	1274
127	2182493	post	591	1274
127	2198032	post	591	1274
127	2213684	post	591	1274
127	2228200	post	591	1274
127	2243113	post	591	1274
127	2258079	post	591	1274
127	2273104	post	591	1274
127	2288124	post	591	1274
127	2303144	post	591	1274
127	2318152	post	591	1274
127	2333178	post	591	1274
127	2348176	post	591	1274
127	2363200	post	591	1274
127	2378200	post	591	1274
127	2393202	post	591	1274
127	2408211	post	591	1274
127	2423223	post	591	1274
127	2438234	post	591	1274
127	2453272	post	591	1274
127	2468250	post	591	1274
127	2483261	post	591	1274
127	2498269	post	591	1274
127	2513280	post	591	1274
127	2528288	post	591	1274
127	2543299	post	591	1274
127	2558305	post	591	1274
127	2573322	post	591	1274
127	2588324	post	591	1274
127	2603331	post	591	1274
127	2618361	post	591	1274
127	2633373	post	591	1274
127	2648385	post	591	1274
127	2664449	post	591	1274
127	2678630	post	591	1274
127	2693747	post	591	1274
127	2708277	post	591	1274
127	2723288	post	591	1274
127	2738285	post	591	1274
127	2753381	post	591	1274
127	2768419	post	591	1274
127	2783531	post	591	1274
127	2798360	post	591	1274
127	2813362	post	591	1274
127	2828368	post	591	1274
127	2843394	post	591	1274
127	2858981	post	591	1274
127	2873873	post	591	1274
127	2888892	post	591	1274
127	2903926	post	591	1274
127	2919154	post	591	1274
127	2934275	post	591	1274
127	2948972	post	591	1274
127	2963950	post	591	1274
127	2979111	post	591	1274
127	2994017	post	591	1274
127	3009025	post	591	1274
127	3024015	post	591	1274
127	3039006	post	591	1274
127	3055718	post	591	1274
127	3069237	post	591	1274
127	3084042	post	591	1274
127	3099057	post	591	1274
127	3114121	post	591	1274
