127	1911437	post	592	1274
127	1926456	post	592	1274
127	1941468	post	592	1274
127	1956468	post	592	1274
127	1963248	post	592	1274
127	1987387	post	592	1274
127	1992207	post	592	1274
127	2010236	post	592	1274
127	2023136	post	592	1274
127	2037466	post	592	1274
127	2049724	post	592	1274
127	2074311	post	592	1274
127	2104360	post	592	1274
127	2108612	post	592	1274
127	2113182	post	592	1274
127	2129272	post	592	1274
127	2143663	post	592	1274
127	2154535	post	592	1274
127	2168595	post	592	1274
127	2185335	post	592	1274
127	2198824	post	592	1274
127	2213642	post	592	1274
127	2229420	post	592	1274
127	2243615	post	592	1274
127	2258655	post	592	1274
127	2273621	post	592	1274
127	2288613	post	592	1274
127	2303633	post	592	1274
127	2318642	post	592	1274
127	2333632	post	592	1274
127	2348654	post	592	1274
127	2363652	post	592	1274
127	2378653	post	592	1274
127	2393674	post	592	1274
127	2408694	post	592	1274
127	2423685	post	592	1274
127	2438693	post	592	1274
127	2453724	post	592	1274
127	2469008	post	592	1274
127	2483699	post	592	1274
127	2498725	post	592	1274
127	2513709	post	592	1274
127	2528768	post	592	1274
127	2543726	post	592	1274
127	2558730	post	592	1274
127	2573765	post	592	1274
127	2588771	post	592	1274
127	2603761	post	592	1274
127	2618775	post	592	1274
127	2633769	post	592	1274
127	2648771	post	592	1274
127	2666445	post	592	1274
127	2680593	post	592	1274
127	2697769	post	592	1274
127	2710239	post	592	1274
127	2724779	post	592	1274
127	2740390	post	592	1274
127	2755117	post	592	1274
127	2769819	post	592	1274
127	2784925	post	592	1274
127	2799829	post	592	1274
127	2814870	post	592	1274
127	2829872	post	592	1274
127	2844862	post	592	1274
127	2859876	post	592	1274
127	2874877	post	592	1274
127	2889900	post	592	1274
127	2904902	post	592	1274
127	2919913	post	592	1274
127	2934965	post	592	1274
127	2949932	post	592	1274
127	2964944	post	592	1274
127	2979944	post	592	1274
127	2995049	post	592	1274
127	3009946	post	592	1274
127	3025061	post	592	1274
127	3040003	post	592	1274
127	3055566	post	592	1274
127	3070036	post	592	1274
127	3085312	post	592	1274
127	3100050	post	592	1274
127	3115253	post	592	1274
