127	1917905	post	605	1274
127	1932811	post	605	1274
127	1947827	post	605	1274
127	1962966	post	605	1274
127	1980142	post	605	1274
127	1994445	post	605	1274
127	2013480	post	605	1274
127	2024514	post	605	1274
127	2039398	post	605	1274
127	2054416	post	605	1274
127	2073321	post	605	1274
127	2087189	post	605	1274
127	2099785	post	605	1274
127	2116199	post	605	1274
127	2133576	post	605	1274
127	2147064	post	605	1274
127	2160198	post	605	1274
127	2175152	post	605	1274
127	2190293	post	605	1274
127	2205222	post	605	1274
127	2220535	post	605	1274
127	2235228	post	605	1274
127	2251593	post	605	1274
127	2265267	post	605	1274
127	2281422	post	605	1274
127	2295908	post	605	1274
127	2311011	post	605	1274
127	2325946	post	605	1274
127	2340942	post	605	1274
127	2355947	post	605	1274
127	2370976	post	605	1274
127	2385967	post	605	1274
127	2400988	post	605	1274
127	2415998	post	605	1274
127	2431007	post	605	1274
127	2446018	post	605	1274
127	2461068	post	605	1274
127	2476038	post	605	1274
127	2491072	post	605	1274
127	2506079	post	605	1274
127	2521106	post	605	1274
127	2536114	post	605	1274
127	2551120	post	605	1274
127	2566131	post	605	1274
127	2581137	post	605	1274
127	2596158	post	605	1274
127	2611161	post	605	1274
127	2626167	post	605	1274
127	2641191	post	605	1274
127	2656607	post	605	1274
127	2673541	post	605	1274
127	2688713	post	605	1274
127	2701545	post	605	1274
127	2716536	post	605	1274
127	2731546	post	605	1274
127	2746553	post	605	1274
127	2761570	post	605	1274
127	2776575	post	605	1274
127	2791591	post	605	1274
127	2806624	post	605	1274
127	2821667	post	605	1274
127	2836643	post	605	1274
127	2851648	post	605	1274
127	2866659	post	605	1274
127	2881672	post	605	1274
127	2896696	post	605	1274
127	2911688	post	605	1274
127	2926723	post	605	1274
127	2941731	post	605	1274
127	2956740	post	605	1274
127	2971949	post	605	1274
127	2986778	post	605	1274
127	3001775	post	605	1274
127	3016780	post	605	1274
127	3031791	post	605	1274
127	3046826	post	605	1274
127	3061864	post	605	1274
127	3076836	post	605	1274
127	3091843	post	605	1274
127	3106949	post	605	1274
127	3121968	post	605	1274
