127	1917903	post	610	1274
127	1932804	post	610	1274
127	1947828	post	610	1274
127	1962966	post	610	1274
127	1980142	post	610	1274
127	1994445	post	610	1274
127	2013480	post	610	1274
127	2024506	post	610	1274
127	2039398	post	610	1274
127	2054413	post	610	1274
127	2073321	post	610	1274
127	2087189	post	610	1274
127	2099785	post	610	1274
127	2116199	post	610	1274
127	2133576	post	610	1274
127	2147064	post	610	1274
127	2160197	post	610	1274
127	2175151	post	610	1274
127	2190280	post	610	1274
127	2205222	post	610	1274
127	2220536	post	610	1274
127	2235228	post	610	1274
127	2251593	post	610	1274
127	2265266	post	610	1274
127	2281422	post	610	1274
127	2295907	post	610	1274
127	2311011	post	610	1274
127	2325946	post	610	1274
127	2340942	post	610	1274
127	2355947	post	610	1274
127	2370976	post	610	1274
127	2385968	post	610	1274
127	2400987	post	610	1274
127	2415998	post	610	1274
127	2431007	post	610	1274
127	2446018	post	610	1274
127	2461068	post	610	1274
127	2476038	post	610	1274
127	2491068	post	610	1274
127	2506079	post	610	1274
127	2521106	post	610	1274
127	2536114	post	610	1274
127	2551120	post	610	1274
127	2566130	post	610	1274
127	2581137	post	610	1274
127	2596158	post	610	1274
127	2611161	post	610	1274
127	2626168	post	610	1274
127	2641189	post	610	1274
127	2656606	post	610	1274
127	2673541	post	610	1274
127	2688713	post	610	1274
127	2701545	post	610	1274
127	2716537	post	610	1274
127	2731545	post	610	1274
127	2746553	post	610	1274
127	2761571	post	610	1274
127	2776575	post	610	1274
127	2791591	post	610	1274
127	2806624	post	610	1274
127	2821667	post	610	1274
127	2836642	post	610	1274
127	2851648	post	610	1274
127	2866659	post	610	1274
127	2881672	post	610	1274
127	2896696	post	610	1274
127	2911688	post	610	1274
127	2926724	post	610	1274
127	2941730	post	610	1274
127	2956739	post	610	1274
127	2971949	post	610	1274
127	2986778	post	610	1274
127	3001775	post	610	1274
127	3016780	post	610	1274
127	3031791	post	610	1274
127	3046826	post	610	1274
127	3061864	post	610	1274
127	3076835	post	610	1274
127	3091844	post	610	1274
127	3106948	post	610	1274
127	3121967	post	610	1274
