127	1917901	post	611	1274
127	1932804	post	611	1274
127	1947827	post	611	1274
127	1962966	post	611	1274
127	1980142	post	611	1274
127	1994446	post	611	1274
127	2013480	post	611	1274
127	2024505	post	611	1274
127	2039398	post	611	1274
127	2054411	post	611	1274
127	2073321	post	611	1274
127	2087188	post	611	1274
127	2099785	post	611	1274
127	2116198	post	611	1274
127	2133575	post	611	1274
127	2147064	post	611	1274
127	2160198	post	611	1274
127	2175152	post	611	1274
127	2190281	post	611	1274
127	2205222	post	611	1274
127	2220535	post	611	1274
127	2235228	post	611	1274
127	2251594	post	611	1274
127	2265266	post	611	1274
127	2281421	post	611	1274
127	2295908	post	611	1274
127	2311010	post	611	1274
127	2325947	post	611	1274
127	2340943	post	611	1274
127	2355948	post	611	1274
127	2370977	post	611	1274
127	2385968	post	611	1274
127	2400987	post	611	1274
127	2415998	post	611	1274
127	2431008	post	611	1274
127	2446018	post	611	1274
127	2461068	post	611	1274
127	2476038	post	611	1274
127	2491068	post	611	1274
127	2506079	post	611	1274
127	2521106	post	611	1274
127	2536114	post	611	1274
127	2551120	post	611	1274
127	2566130	post	611	1274
127	2581138	post	611	1274
127	2596158	post	611	1274
127	2611162	post	611	1274
127	2626168	post	611	1274
127	2641190	post	611	1274
127	2656607	post	611	1274
127	2673540	post	611	1274
127	2688713	post	611	1274
127	2701546	post	611	1274
127	2716536	post	611	1274
127	2731545	post	611	1274
127	2746553	post	611	1274
127	2761580	post	611	1274
127	2776575	post	611	1274
127	2791591	post	611	1274
127	2806624	post	611	1274
127	2821667	post	611	1274
127	2836643	post	611	1274
127	2851649	post	611	1274
127	2866659	post	611	1274
127	2881673	post	611	1274
127	2896696	post	611	1274
127	2911688	post	611	1274
127	2926724	post	611	1274
127	2941731	post	611	1274
127	2956740	post	611	1274
127	2971948	post	611	1274
127	2986778	post	611	1274
127	3001775	post	611	1274
127	3016780	post	611	1274
127	3031791	post	611	1274
127	3046826	post	611	1274
127	3061864	post	611	1274
127	3076836	post	611	1274
127	3091843	post	611	1274
127	3106948	post	611	1274
127	3121968	post	611	1274
