127	1917904	post	613	1274
127	1932817	post	613	1274
127	1947829	post	613	1274
127	1962967	post	613	1274
127	1980142	post	613	1274
127	1994446	post	613	1274
127	2013481	post	613	1274
127	2024520	post	613	1274
127	2039398	post	613	1274
127	2054411	post	613	1274
127	2073321	post	613	1274
127	2087189	post	613	1274
127	2099786	post	613	1274
127	2116203	post	613	1274
127	2133577	post	613	1274
127	2147065	post	613	1274
127	2160199	post	613	1274
127	2175152	post	613	1274
127	2190282	post	613	1274
127	2205222	post	613	1274
127	2220537	post	613	1274
127	2235229	post	613	1274
127	2251594	post	613	1274
127	2265267	post	613	1274
127	2281422	post	613	1274
127	2295908	post	613	1274
127	2311012	post	613	1274
127	2325948	post	613	1274
127	2340943	post	613	1274
127	2355948	post	613	1274
127	2370977	post	613	1274
127	2385968	post	613	1274
127	2400987	post	613	1274
127	2415999	post	613	1274
127	2431008	post	613	1274
127	2446018	post	613	1274
127	2461069	post	613	1274
127	2476038	post	613	1274
127	2491067	post	613	1274
127	2506079	post	613	1274
127	2521107	post	613	1274
127	2536114	post	613	1274
127	2551120	post	613	1274
127	2566131	post	613	1274
127	2581138	post	613	1274
127	2596159	post	613	1274
127	2611161	post	613	1274
127	2626169	post	613	1274
127	2641190	post	613	1274
127	2656608	post	613	1274
127	2673541	post	613	1274
127	2688713	post	613	1274
127	2701546	post	613	1274
127	2716537	post	613	1274
127	2731545	post	613	1274
127	2746554	post	613	1274
127	2761570	post	613	1274
127	2776576	post	613	1274
127	2791592	post	613	1274
127	2806625	post	613	1274
127	2821668	post	613	1274
127	2836643	post	613	1274
127	2851649	post	613	1274
127	2866659	post	613	1274
127	2881672	post	613	1274
127	2896700	post	613	1274
127	2911688	post	613	1274
127	2926724	post	613	1274
127	2941732	post	613	1274
127	2956740	post	613	1274
127	2971949	post	613	1274
127	2986779	post	613	1274
127	3001775	post	613	1274
127	3016780	post	613	1274
127	3031792	post	613	1274
127	3046827	post	613	1274
127	3061865	post	613	1274
127	3076837	post	613	1274
127	3091844	post	613	1274
127	3106949	post	613	1274
127	3121968	post	613	1274
