127	1917908	post	615	1274
127	1932807	post	615	1274
127	1947828	post	615	1274
127	1962967	post	615	1274
127	1980143	post	615	1274
127	1994446	post	615	1274
127	2013481	post	615	1274
127	2024513	post	615	1274
127	2039399	post	615	1274
127	2054413	post	615	1274
127	2073322	post	615	1274
127	2087190	post	615	1274
127	2099786	post	615	1274
127	2116200	post	615	1274
127	2133578	post	615	1274
127	2147065	post	615	1274
127	2160199	post	615	1274
127	2175153	post	615	1274
127	2190282	post	615	1274
127	2205223	post	615	1274
127	2220536	post	615	1274
127	2235229	post	615	1274
127	2251604	post	615	1274
127	2265267	post	615	1274
127	2281422	post	615	1274
127	2295910	post	615	1274
127	2311012	post	615	1274
127	2325947	post	615	1274
127	2340943	post	615	1274
127	2355951	post	615	1274
127	2370978	post	615	1274
127	2385968	post	615	1274
127	2400991	post	615	1274
127	2415998	post	615	1274
127	2431008	post	615	1274
127	2446019	post	615	1274
127	2461070	post	615	1274
127	2476040	post	615	1274
127	2491069	post	615	1274
127	2506080	post	615	1274
127	2521108	post	615	1274
127	2536115	post	615	1274
127	2551121	post	615	1274
127	2566132	post	615	1274
127	2581140	post	615	1274
127	2596159	post	615	1274
127	2611161	post	615	1274
127	2626168	post	615	1274
127	2641191	post	615	1274
127	2656607	post	615	1274
127	2673545	post	615	1274
127	2688715	post	615	1274
127	2701546	post	615	1274
127	2716537	post	615	1274
127	2731545	post	615	1274
127	2746555	post	615	1274
127	2761571	post	615	1274
127	2776576	post	615	1274
127	2791592	post	615	1274
127	2806625	post	615	1274
127	2821668	post	615	1274
127	2836644	post	615	1274
127	2851650	post	615	1274
127	2866660	post	615	1274
127	2881674	post	615	1274
127	2896697	post	615	1274
127	2911689	post	615	1274
127	2926724	post	615	1274
127	2941731	post	615	1274
127	2956741	post	615	1274
127	2971951	post	615	1274
127	2986779	post	615	1274
127	3001775	post	615	1274
127	3016782	post	615	1274
127	3031792	post	615	1274
127	3046828	post	615	1274
127	3061865	post	615	1274
127	3076837	post	615	1274
127	3091845	post	615	1274
127	3106950	post	615	1274
127	3121969	post	615	1274
