127	1917908	post	616	1274
127	1932816	post	616	1274
127	1947832	post	616	1274
127	1962968	post	616	1274
127	1980142	post	616	1274
127	1994447	post	616	1274
127	2013481	post	616	1274
127	2024514	post	616	1274
127	2039399	post	616	1274
127	2054413	post	616	1274
127	2073322	post	616	1274
127	2087190	post	616	1274
127	2099787	post	616	1274
127	2116199	post	616	1274
127	2133579	post	616	1274
127	2147064	post	616	1274
127	2160200	post	616	1274
127	2175152	post	616	1274
127	2190283	post	616	1274
127	2205224	post	616	1274
127	2220537	post	616	1274
127	2235230	post	616	1274
127	2251603	post	616	1274
127	2265267	post	616	1274
127	2281422	post	616	1274
127	2295909	post	616	1274
127	2311012	post	616	1274
127	2325947	post	616	1274
127	2340944	post	616	1274
127	2355948	post	616	1274
127	2370977	post	616	1274
127	2385969	post	616	1274
127	2400991	post	616	1274
127	2415999	post	616	1274
127	2431009	post	616	1274
127	2446020	post	616	1274
127	2461069	post	616	1274
127	2476039	post	616	1274
127	2491066	post	616	1274
127	2506080	post	616	1274
127	2521107	post	616	1274
127	2536115	post	616	1274
127	2551135	post	616	1274
127	2566131	post	616	1274
127	2581140	post	616	1274
127	2596160	post	616	1274
127	2611163	post	616	1274
127	2626168	post	616	1274
127	2641191	post	616	1274
127	2656607	post	616	1274
127	2673542	post	616	1274
127	2688715	post	616	1274
127	2701547	post	616	1274
127	2716536	post	616	1274
127	2731546	post	616	1274
127	2746555	post	616	1274
127	2761571	post	616	1274
127	2776577	post	616	1274
127	2791593	post	616	1274
127	2806625	post	616	1274
127	2821668	post	616	1274
127	2836643	post	616	1274
127	2851651	post	616	1274
127	2866660	post	616	1274
127	2881673	post	616	1274
127	2896697	post	616	1274
127	2911689	post	616	1274
127	2926725	post	616	1274
127	2941731	post	616	1274
127	2956741	post	616	1274
127	2971951	post	616	1274
127	2986779	post	616	1274
127	3001777	post	616	1274
127	3016781	post	616	1274
127	3031793	post	616	1274
127	3046827	post	616	1274
127	3061865	post	616	1274
127	3076836	post	616	1274
127	3091845	post	616	1274
127	3106949	post	616	1274
127	3121969	post	616	1274
