127	1921094	post	634	1274
127	1934662	post	634	1274
127	1949250	post	634	1274
127	1964665	post	634	1274
127	1979449	post	634	1274
127	1994464	post	634	1274
127	2011377	post	634	1274
127	2025853	post	634	1274
127	2039683	post	634	1274
127	2054273	post	634	1274
127	2070766	post	634	1274
127	2084956	post	634	1274
127	2099400	post	634	1274
127	2114500	post	634	1274
127	2129686	post	634	1274
127	2144679	post	634	1274
127	2159533	post	634	1274
127	2174633	post	634	1274
127	2189976	post	634	1274
127	2204452	post	634	1274
127	2220865	post	634	1274
127	2234482	post	634	1274
127	2249490	post	634	1274
127	2264496	post	634	1274
127	2279518	post	634	1274
127	2297877	post	634	1274
127	2309697	post	634	1274
127	2324554	post	634	1274
127	2339545	post	634	1274
127	2354568	post	634	1274
127	2370769	post	634	1274
127	2384629	post	634	1274
127	2399636	post	634	1274
127	2414641	post	634	1274
127	2429650	post	634	1274
127	2444666	post	634	1274
127	2459683	post	634	1274
127	2474684	post	634	1274
127	2489693	post	634	1274
127	2504703	post	634	1274
127	2519853	post	634	1274
127	2534841	post	634	1274
127	2549869	post	634	1274
127	2564871	post	634	1274
127	2579884	post	634	1274
127	2594895	post	634	1274
127	2610070	post	634	1274
127	2624925	post	634	1274
127	2639947	post	634	1274
127	2655019	post	634	1274
127	2670225	post	634	1274
127	2684998	post	634	1274
127	2700703	post	634	1274
127	2715011	post	634	1274
127	2730034	post	634	1274
127	2745042	post	634	1274
127	2760082	post	634	1274
127	2775076	post	634	1274
127	2790068	post	634	1274
127	2805073	post	634	1274
127	2820107	post	634	1274
127	2835098	post	634	1274
127	2850111	post	634	1274
127	2865130	post	634	1274
127	2880125	post	634	1274
127	2895144	post	634	1274
127	2910158	post	634	1274
127	2925157	post	634	1274
127	2940176	post	634	1274
127	2955259	post	634	1274
127	2970239	post	634	1274
127	2985303	post	634	1274
127	3000215	post	634	1274
127	3015237	post	634	1274
127	3030822	post	634	1274
127	3045382	post	634	1274
127	3060262	post	634	1274
127	3075265	post	634	1274
127	3090287	post	634	1274
127	3105289	post	634	1274
127	3122085	post	634	1274
