127	1921099	post	635	1274
127	1934671	post	635	1274
127	1949250	post	635	1274
127	1964646	post	635	1274
127	1979452	post	635	1274
127	1994465	post	635	1274
127	2011378	post	635	1274
127	2025854	post	635	1274
127	2039684	post	635	1274
127	2054274	post	635	1274
127	2070766	post	635	1274
127	2084956	post	635	1274
127	2099401	post	635	1274
127	2114502	post	635	1274
127	2129687	post	635	1274
127	2144680	post	635	1274
127	2159532	post	635	1274
127	2174635	post	635	1274
127	2189979	post	635	1274
127	2204453	post	635	1274
127	2220867	post	635	1274
127	2234484	post	635	1274
127	2249491	post	635	1274
127	2264498	post	635	1274
127	2279519	post	635	1274
127	2297878	post	635	1274
127	2309698	post	635	1274
127	2324555	post	635	1274
127	2339545	post	635	1274
127	2354571	post	635	1274
127	2370771	post	635	1274
127	2384636	post	635	1274
127	2399636	post	635	1274
127	2414640	post	635	1274
127	2429651	post	635	1274
127	2444667	post	635	1274
127	2459685	post	635	1274
127	2474687	post	635	1274
127	2489694	post	635	1274
127	2504704	post	635	1274
127	2519854	post	635	1274
127	2534844	post	635	1274
127	2549871	post	635	1274
127	2564874	post	635	1274
127	2579884	post	635	1274
127	2594895	post	635	1274
127	2610078	post	635	1274
127	2624925	post	635	1274
127	2639948	post	635	1274
127	2655020	post	635	1274
127	2670225	post	635	1274
127	2684999	post	635	1274
127	2700705	post	635	1274
127	2715013	post	635	1274
127	2730033	post	635	1274
127	2745042	post	635	1274
127	2760084	post	635	1274
127	2775077	post	635	1274
127	2790069	post	635	1274
127	2805075	post	635	1274
127	2820110	post	635	1274
127	2835100	post	635	1274
127	2850109	post	635	1274
127	2865131	post	635	1274
127	2880127	post	635	1274
127	2895144	post	635	1274
127	2910159	post	635	1274
127	2925158	post	635	1274
127	2940176	post	635	1274
127	2955261	post	635	1274
127	2970241	post	635	1274
127	2985305	post	635	1274
127	3000220	post	635	1274
127	3015239	post	635	1274
127	3030824	post	635	1274
127	3045383	post	635	1274
127	3060263	post	635	1274
127	3075267	post	635	1274
127	3090289	post	635	1274
127	3105291	post	635	1274
127	3122085	post	635	1274
