127	1921100	post	636	1274
127	1934671	post	636	1274
127	1949251	post	636	1274
127	1964646	post	636	1274
127	1979451	post	636	1274
127	1994464	post	636	1274
127	2011378	post	636	1274
127	2025855	post	636	1274
127	2039683	post	636	1274
127	2054273	post	636	1274
127	2070767	post	636	1274
127	2084955	post	636	1274
127	2099401	post	636	1274
127	2114502	post	636	1274
127	2129687	post	636	1274
127	2144679	post	636	1274
127	2159533	post	636	1274
127	2174635	post	636	1274
127	2189977	post	636	1274
127	2204451	post	636	1274
127	2220866	post	636	1274
127	2234483	post	636	1274
127	2249491	post	636	1274
127	2264496	post	636	1274
127	2279520	post	636	1274
127	2297878	post	636	1274
127	2309699	post	636	1274
127	2324554	post	636	1274
127	2339545	post	636	1274
127	2354568	post	636	1274
127	2370770	post	636	1274
127	2384630	post	636	1274
127	2399638	post	636	1274
127	2414639	post	636	1274
127	2429651	post	636	1274
127	2444667	post	636	1274
127	2459684	post	636	1274
127	2474684	post	636	1274
127	2489695	post	636	1274
127	2504704	post	636	1274
127	2519854	post	636	1274
127	2534842	post	636	1274
127	2549870	post	636	1274
127	2564872	post	636	1274
127	2579885	post	636	1274
127	2594896	post	636	1274
127	2610071	post	636	1274
127	2624926	post	636	1274
127	2639948	post	636	1274
127	2655018	post	636	1274
127	2670225	post	636	1274
127	2684998	post	636	1274
127	2700704	post	636	1274
127	2715011	post	636	1274
127	2730034	post	636	1274
127	2745041	post	636	1274
127	2760084	post	636	1274
127	2775077	post	636	1274
127	2790072	post	636	1274
127	2805075	post	636	1274
127	2820108	post	636	1274
127	2835099	post	636	1274
127	2850110	post	636	1274
127	2865132	post	636	1274
127	2880126	post	636	1274
127	2895145	post	636	1274
127	2910159	post	636	1274
127	2925157	post	636	1274
127	2940176	post	636	1274
127	2955261	post	636	1274
127	2970240	post	636	1274
127	2985304	post	636	1274
127	3000216	post	636	1274
127	3015238	post	636	1274
127	3030823	post	636	1274
127	3045383	post	636	1274
127	3060263	post	636	1274
127	3075266	post	636	1274
127	3090288	post	636	1274
127	3105290	post	636	1274
127	3122088	post	636	1274
