127	1921097	post	638	1274
127	1934672	post	638	1274
127	1949255	post	638	1274
127	1964648	post	638	1274
127	1979449	post	638	1274
127	1994465	post	638	1274
127	2011378	post	638	1274
127	2025855	post	638	1274
127	2039684	post	638	1274
127	2054274	post	638	1274
127	2070769	post	638	1274
127	2084956	post	638	1274
127	2099400	post	638	1274
127	2114502	post	638	1274
127	2129687	post	638	1274
127	2144681	post	638	1274
127	2159535	post	638	1274
127	2174635	post	638	1274
127	2189978	post	638	1274
127	2204453	post	638	1274
127	2220866	post	638	1274
127	2234484	post	638	1274
127	2249496	post	638	1274
127	2264499	post	638	1274
127	2279521	post	638	1274
127	2297878	post	638	1274
127	2309699	post	638	1274
127	2324556	post	638	1274
127	2339548	post	638	1274
127	2354569	post	638	1274
127	2370771	post	638	1274
127	2384630	post	638	1274
127	2399637	post	638	1274
127	2414641	post	638	1274
127	2429652	post	638	1274
127	2444667	post	638	1274
127	2459685	post	638	1274
127	2474685	post	638	1274
127	2489695	post	638	1274
127	2504705	post	638	1274
127	2519854	post	638	1274
127	2534843	post	638	1274
127	2549872	post	638	1274
127	2564873	post	638	1274
127	2579886	post	638	1274
127	2594897	post	638	1274
127	2610071	post	638	1274
127	2624928	post	638	1274
127	2639949	post	638	1274
127	2655020	post	638	1274
127	2670226	post	638	1274
127	2684999	post	638	1274
127	2700704	post	638	1274
127	2715015	post	638	1274
127	2730035	post	638	1274
127	2745043	post	638	1274
127	2760083	post	638	1274
127	2775077	post	638	1274
127	2790072	post	638	1274
127	2805075	post	638	1274
127	2820110	post	638	1274
127	2835100	post	638	1274
127	2850111	post	638	1274
127	2865131	post	638	1274
127	2880126	post	638	1274
127	2895144	post	638	1274
127	2910160	post	638	1274
127	2925159	post	638	1274
127	2940177	post	638	1274
127	2955261	post	638	1274
127	2970241	post	638	1274
127	2985305	post	638	1274
127	3000219	post	638	1274
127	3015237	post	638	1274
127	3030824	post	638	1274
127	3045384	post	638	1274
127	3060264	post	638	1274
127	3075266	post	638	1274
127	3090287	post	638	1274
127	3105290	post	638	1274
127	3122085	post	638	1274
