127	1921098	post	641	1274
127	1934665	post	641	1274
127	1949252	post	641	1274
127	1964646	post	641	1274
127	1979450	post	641	1274
127	1994464	post	641	1274
127	2011378	post	641	1274
127	2025855	post	641	1274
127	2039682	post	641	1274
127	2054273	post	641	1274
127	2070766	post	641	1274
127	2084957	post	641	1274
127	2099400	post	641	1274
127	2114501	post	641	1274
127	2129687	post	641	1274
127	2144680	post	641	1274
127	2159534	post	641	1274
127	2174635	post	641	1274
127	2189976	post	641	1274
127	2204453	post	641	1274
127	2220865	post	641	1274
127	2234484	post	641	1274
127	2249492	post	641	1274
127	2264497	post	641	1274
127	2279522	post	641	1274
127	2297878	post	641	1274
127	2309699	post	641	1274
127	2324554	post	641	1274
127	2339545	post	641	1274
127	2354571	post	641	1274
127	2370771	post	641	1274
127	2384637	post	641	1274
127	2399637	post	641	1274
127	2414640	post	641	1274
127	2429652	post	641	1274
127	2444666	post	641	1274
127	2459685	post	641	1274
127	2474686	post	641	1274
127	2489698	post	641	1274
127	2504705	post	641	1274
127	2519854	post	641	1274
127	2534843	post	641	1274
127	2549871	post	641	1274
127	2564873	post	641	1274
127	2579886	post	641	1274
127	2594896	post	641	1274
127	2610078	post	641	1274
127	2624927	post	641	1274
127	2639949	post	641	1274
127	2655019	post	641	1274
127	2670224	post	641	1274
127	2684999	post	641	1274
127	2700703	post	641	1274
127	2715012	post	641	1274
127	2730035	post	641	1274
127	2745043	post	641	1274
127	2760084	post	641	1274
127	2775077	post	641	1274
127	2790072	post	641	1274
127	2805075	post	641	1274
127	2820110	post	641	1274
127	2835101	post	641	1274
127	2850109	post	641	1274
127	2865132	post	641	1274
127	2880130	post	641	1274
127	2895146	post	641	1274
127	2910160	post	641	1274
127	2925158	post	641	1274
127	2940177	post	641	1274
127	2955261	post	641	1274
127	2970240	post	641	1274
127	2985305	post	641	1274
127	3000219	post	641	1274
127	3015239	post	641	1274
127	3030824	post	641	1274
127	3045384	post	641	1274
127	3060264	post	641	1274
127	3075265	post	641	1274
127	3090289	post	641	1274
127	3105289	post	641	1274
127	3122085	post	641	1274
