127	1921102	post	645	1274
127	1934669	post	645	1274
127	1949251	post	645	1274
127	1964647	post	645	1274
127	1979450	post	645	1274
127	1994465	post	645	1274
127	2011379	post	645	1274
127	2025855	post	645	1274
127	2039684	post	645	1274
127	2054274	post	645	1274
127	2070768	post	645	1274
127	2084956	post	645	1274
127	2099400	post	645	1274
127	2114502	post	645	1274
127	2129687	post	645	1274
127	2144681	post	645	1274
127	2159533	post	645	1274
127	2174634	post	645	1274
127	2189978	post	645	1274
127	2204452	post	645	1274
127	2220866	post	645	1274
127	2234485	post	645	1274
127	2249491	post	645	1274
127	2264498	post	645	1274
127	2279522	post	645	1274
127	2297877	post	645	1274
127	2309699	post	645	1274
127	2324556	post	645	1274
127	2339548	post	645	1274
127	2354571	post	645	1274
127	2370773	post	645	1274
127	2384630	post	645	1274
127	2399637	post	645	1274
127	2414639	post	645	1274
127	2429651	post	645	1274
127	2444666	post	645	1274
127	2459685	post	645	1274
127	2474686	post	645	1274
127	2489698	post	645	1274
127	2504705	post	645	1274
127	2519853	post	645	1274
127	2534844	post	645	1274
127	2549870	post	645	1274
127	2564873	post	645	1274
127	2579886	post	645	1274
127	2594896	post	645	1274
127	2610078	post	645	1274
127	2624928	post	645	1274
127	2639949	post	645	1274
127	2655020	post	645	1274
127	2670226	post	645	1274
127	2684998	post	645	1274
127	2700705	post	645	1274
127	2715015	post	645	1274
127	2730035	post	645	1274
127	2745044	post	645	1274
127	2760084	post	645	1274
127	2775078	post	645	1274
127	2790069	post	645	1274
127	2805075	post	645	1274
127	2820111	post	645	1274
127	2835100	post	645	1274
127	2850111	post	645	1274
127	2865132	post	645	1274
127	2880127	post	645	1274
127	2895146	post	645	1274
127	2910158	post	645	1274
127	2925159	post	645	1274
127	2940177	post	645	1274
127	2955261	post	645	1274
127	2970240	post	645	1274
127	2985305	post	645	1274
127	3000219	post	645	1274
127	3015238	post	645	1274
127	3030823	post	645	1274
127	3045383	post	645	1274
127	3060263	post	645	1274
127	3075266	post	645	1274
127	3090288	post	645	1274
127	3105291	post	645	1274
127	3122086	post	645	1274
