127	1921098	post	646	1274
127	1934671	post	646	1274
127	1949250	post	646	1274
127	1964655	post	646	1274
127	1979449	post	646	1274
127	1994464	post	646	1274
127	2011378	post	646	1274
127	2025855	post	646	1274
127	2039683	post	646	1274
127	2054273	post	646	1274
127	2070766	post	646	1274
127	2084957	post	646	1274
127	2099400	post	646	1274
127	2114510	post	646	1274
127	2129688	post	646	1274
127	2144679	post	646	1274
127	2159533	post	646	1274
127	2174633	post	646	1274
127	2189977	post	646	1274
127	2204452	post	646	1274
127	2220865	post	646	1274
127	2234483	post	646	1274
127	2249490	post	646	1274
127	2264497	post	646	1274
127	2279518	post	646	1274
127	2297877	post	646	1274
127	2309698	post	646	1274
127	2324555	post	646	1274
127	2339545	post	646	1274
127	2354568	post	646	1274
127	2370770	post	646	1274
127	2384630	post	646	1274
127	2399637	post	646	1274
127	2414639	post	646	1274
127	2429651	post	646	1274
127	2444666	post	646	1274
127	2459684	post	646	1274
127	2474685	post	646	1274
127	2489694	post	646	1274
127	2504703	post	646	1274
127	2519853	post	646	1274
127	2534841	post	646	1274
127	2549869	post	646	1274
127	2564872	post	646	1274
127	2579885	post	646	1274
127	2594896	post	646	1274
127	2610071	post	646	1274
127	2624926	post	646	1274
127	2639947	post	646	1274
127	2655018	post	646	1274
127	2670225	post	646	1274
127	2684997	post	646	1274
127	2700704	post	646	1274
127	2715011	post	646	1274
127	2730033	post	646	1274
127	2745041	post	646	1274
127	2760083	post	646	1274
127	2775076	post	646	1274
127	2790069	post	646	1274
127	2805076	post	646	1274
127	2820108	post	646	1274
127	2835099	post	646	1274
127	2850110	post	646	1274
127	2865131	post	646	1274
127	2880125	post	646	1274
127	2895144	post	646	1274
127	2910158	post	646	1274
127	2925158	post	646	1274
127	2940175	post	646	1274
127	2955260	post	646	1274
127	2970239	post	646	1274
127	2985304	post	646	1274
127	3000217	post	646	1274
127	3015238	post	646	1274
127	3030823	post	646	1274
127	3045382	post	646	1274
127	3060262	post	646	1274
127	3075266	post	646	1274
127	3090287	post	646	1274
127	3105290	post	646	1274
127	3122084	post	646	1274
