127	1921101	post	649	1274
127	1934671	post	649	1274
127	1949251	post	649	1274
127	1964646	post	649	1274
127	1979451	post	649	1274
127	1994464	post	649	1274
127	2011378	post	649	1274
127	2025855	post	649	1274
127	2039683	post	649	1274
127	2054273	post	649	1274
127	2070768	post	649	1274
127	2084956	post	649	1274
127	2099401	post	649	1274
127	2114502	post	649	1274
127	2129686	post	649	1274
127	2144680	post	649	1274
127	2159533	post	649	1274
127	2174634	post	649	1274
127	2189977	post	649	1274
127	2204452	post	649	1274
127	2220866	post	649	1274
127	2234483	post	649	1274
127	2249490	post	649	1274
127	2264497	post	649	1274
127	2279520	post	649	1274
127	2297878	post	649	1274
127	2309699	post	649	1274
127	2324555	post	649	1274
127	2339545	post	649	1274
127	2354568	post	649	1274
127	2370770	post	649	1274
127	2384630	post	649	1274
127	2399637	post	649	1274
127	2414639	post	649	1274
127	2429651	post	649	1274
127	2444666	post	649	1274
127	2459684	post	649	1274
127	2474685	post	649	1274
127	2489694	post	649	1274
127	2504704	post	649	1274
127	2519854	post	649	1274
127	2534842	post	649	1274
127	2549870	post	649	1274
127	2564872	post	649	1274
127	2579885	post	649	1274
127	2594896	post	649	1274
127	2610070	post	649	1274
127	2624926	post	649	1274
127	2639948	post	649	1274
127	2655018	post	649	1274
127	2670226	post	649	1274
127	2684998	post	649	1274
127	2700704	post	649	1274
127	2715011	post	649	1274
127	2730034	post	649	1274
127	2745042	post	649	1274
127	2760084	post	649	1274
127	2775077	post	649	1274
127	2790069	post	649	1274
127	2805074	post	649	1274
127	2820108	post	649	1274
127	2835099	post	649	1274
127	2850110	post	649	1274
127	2865132	post	649	1274
127	2880126	post	649	1274
127	2895145	post	649	1274
127	2910159	post	649	1274
127	2925157	post	649	1274
127	2940176	post	649	1274
127	2955261	post	649	1274
127	2970240	post	649	1274
127	2985303	post	649	1274
127	3000217	post	649	1274
127	3015237	post	649	1274
127	3030823	post	649	1274
127	3045383	post	649	1274
127	3060263	post	649	1274
127	3075266	post	649	1274
127	3090288	post	649	1274
127	3105290	post	649	1274
127	3122088	post	649	1274
