127	1921100	post	650	1274
127	1934670	post	650	1274
127	1949251	post	650	1274
127	1964645	post	650	1274
127	1979452	post	650	1274
127	1994465	post	650	1274
127	2011377	post	650	1274
127	2025854	post	650	1274
127	2039683	post	650	1274
127	2054272	post	650	1274
127	2070768	post	650	1274
127	2084955	post	650	1274
127	2099400	post	650	1274
127	2114501	post	650	1274
127	2129686	post	650	1274
127	2144681	post	650	1274
127	2159533	post	650	1274
127	2174634	post	650	1274
127	2189977	post	650	1274
127	2204452	post	650	1274
127	2220866	post	650	1274
127	2234483	post	650	1274
127	2249491	post	650	1274
127	2264496	post	650	1274
127	2279519	post	650	1274
127	2297878	post	650	1274
127	2309698	post	650	1274
127	2324555	post	650	1274
127	2339545	post	650	1274
127	2354568	post	650	1274
127	2370770	post	650	1274
127	2384630	post	650	1274
127	2399638	post	650	1274
127	2414640	post	650	1274
127	2429651	post	650	1274
127	2444666	post	650	1274
127	2459684	post	650	1274
127	2474685	post	650	1274
127	2489694	post	650	1274
127	2504703	post	650	1274
127	2519854	post	650	1274
127	2534842	post	650	1274
127	2549871	post	650	1274
127	2564872	post	650	1274
127	2579885	post	650	1274
127	2594896	post	650	1274
127	2610070	post	650	1274
127	2624925	post	650	1274
127	2639947	post	650	1274
127	2655019	post	650	1274
127	2670226	post	650	1274
127	2684997	post	650	1274
127	2700704	post	650	1274
127	2715010	post	650	1274
127	2730034	post	650	1274
127	2745042	post	650	1274
127	2760084	post	650	1274
127	2775077	post	650	1274
127	2790072	post	650	1274
127	2805074	post	650	1274
127	2820108	post	650	1274
127	2835099	post	650	1274
127	2850110	post	650	1274
127	2865132	post	650	1274
127	2880127	post	650	1274
127	2895145	post	650	1274
127	2910159	post	650	1274
127	2925157	post	650	1274
127	2940176	post	650	1274
127	2955261	post	650	1274
127	2970240	post	650	1274
127	2985304	post	650	1274
127	3000217	post	650	1274
127	3015238	post	650	1274
127	3030823	post	650	1274
127	3045383	post	650	1274
127	3060262	post	650	1274
127	3075265	post	650	1274
127	3090288	post	650	1274
127	3105289	post	650	1274
127	3122084	post	650	1274
