127	1922266	post	655	2554
127	1927266	post	655	2554
127	1932266	post	655	2554
127	1937266	post	655	2554
127	1942266	post	655	2554
127	1947266	post	655	2554
127	1952266	post	655	2554
127	1957266	post	655	2554
127	1962267	post	655	2554
127	1967266	post	655	2554
127	1972265	post	655	2554
127	1977266	post	655	2554
127	1982266	post	655	2554
127	1987266	post	655	2554
127	1992266	post	655	2554
127	1997320	post	655	2554
127	2002267	post	655	2554
127	2007267	post	655	2554
127	2012267	post	655	2554
127	2017267	post	655	2554
127	2022267	post	655	2554
127	2027267	post	655	2554
127	2032267	post	655	2554
127	2037267	post	655	2554
127	2042267	post	655	2554
127	2047267	post	655	2554
127	2052267	post	655	2554
127	2057268	post	655	2554
127	2062268	post	655	2554
127	2067268	post	655	2554
127	2072268	post	655	2554
127	2077268	post	655	2554
127	2082268	post	655	2554
127	2087268	post	655	2554
127	2092268	post	655	2554
127	2097268	post	655	2554
127	2102268	post	655	2554
127	2107268	post	655	2554
127	2112269	post	655	2554
127	2117269	post	655	2554
127	2122269	post	655	2554
127	2127265	post	655	2554
127	2132269	post	655	2554
127	2137269	post	655	2554
127	2142265	post	655	2554
127	2147269	post	655	2554
127	2152269	post	655	2554
127	2157265	post	655	2554
127	2162313	post	655	2554
127	2167269	post	655	2554
127	2172286	post	655	2554
127	2177270	post	655	2554
127	2182270	post	655	2554
127	2187270	post	655	2554
127	2192270	post	655	2554
127	2197270	post	655	2554
127	2202270	post	655	2554
127	2207270	post	655	2554
127	2212265	post	655	2554
127	2217270	post	655	2554
127	2222270	post	655	2554
127	2227271	post	655	2554
127	2232271	post	655	2554
127	2237271	post	655	2554
127	2242271	post	655	2554
127	2247271	post	655	2554
127	2252271	post	655	2554
127	2257271	post	655	2554
127	2262271	post	655	2554
127	2267271	post	655	2554
127	2272271	post	655	2554
127	2277271	post	655	2554
127	2282271	post	655	2554
127	2287272	post	655	2554
127	2292272	post	655	2554
127	2297272	post	655	2554
127	2302272	post	655	2554
127	2307272	post	655	2554
127	2312272	post	655	2554
127	2317427	post	655	2554
127	2322272	post	655	2554
127	2327272	post	655	2554
127	2332272	post	655	2554
127	2337272	post	655	2554
127	2342272	post	655	2554
127	2347273	post	655	2554
127	2352273	post	655	2554
127	2357273	post	655	2554
127	2362273	post	655	2554
127	2367273	post	655	2554
127	2372273	post	655	2554
127	2377273	post	655	2554
127	2382273	post	655	2554
127	2387273	post	655	2554
127	2392273	post	655	2554
127	2397273	post	655	2554
127	2402274	post	655	2554
127	2407274	post	655	2554
127	2412274	post	655	2554
127	2417272	post	655	2554
127	2422274	post	655	2554
127	2427274	post	655	2554
127	2432274	post	655	2554
127	2437274	post	655	2554
127	2442265	post	655	2554
127	2447265	post	655	2554
127	2452294	post	655	2554
127	2457274	post	655	2554
127	2462265	post	655	2554
127	2467265	post	655	2554
127	2472265	post	655	2554
127	2477265	post	655	2554
127	2482265	post	655	2554
127	2487265	post	655	2554
127	2492275	post	655	2554
127	2497265	post	655	2554
127	2502265	post	655	2554
127	2507265	post	655	2554
127	2512265	post	655	2554
127	2517265	post	655	2554
127	2522266	post	655	2554
127	2527266	post	655	2554
127	2532266	post	655	2554
127	2537265	post	655	2554
127	2542266	post	655	2554
127	2547266	post	655	2554
127	2552266	post	655	2554
127	2557266	post	655	2554
127	2562265	post	655	2554
127	2567266	post	655	2554
127	2572266	post	655	2554
127	2577267	post	655	2554
127	2582267	post	655	2554
127	2587267	post	655	2554
127	2592267	post	655	2554
127	2597265	post	655	2554
127	2602267	post	655	2554
127	2607267	post	655	2554
127	2612267	post	655	2554
127	2617267	post	655	2554
127	2622267	post	655	2554
127	2627267	post	655	2554
127	2632267	post	655	2554
127	2637268	post	655	2554
127	2642268	post	655	2554
127	2647268	post	655	2554
127	2652268	post	655	2554
127	2657268	post	655	2554
127	2662268	post	655	2554
127	2667268	post	655	2554
127	2672268	post	655	2554
127	2677352	post	655	2554
127	2682268	post	655	2554
127	2687268	post	655	2554
127	2692268	post	655	2554
127	2697269	post	655	2554
127	2702269	post	655	2554
127	2707269	post	655	2554
127	2712269	post	655	2554
127	2717269	post	655	2554
127	2722269	post	655	2554
127	2727269	post	655	2554
127	2732269	post	655	2554
127	2737269	post	655	2554
127	2742269	post	655	2554
127	2747269	post	655	2554
127	2752269	post	655	2554
127	2757265	post	655	2554
127	2762270	post	655	2554
127	2767270	post	655	2554
127	2772270	post	655	2554
127	2777270	post	655	2554
127	2782270	post	655	2554
127	2787270	post	655	2554
127	2792270	post	655	2554
127	2797270	post	655	2554
127	2802270	post	655	2554
127	2807270	post	655	2554
127	2812270	post	655	2554
127	2817270	post	655	2554
127	2822270	post	655	2554
127	2827271	post	655	2554
127	2832271	post	655	2554
127	2837271	post	655	2554
127	2842271	post	655	2554
127	2847271	post	655	2554
127	2852271	post	655	2554
127	2857332	post	655	2554
127	2862271	post	655	2554
127	2867271	post	655	2554
127	2872271	post	655	2554
127	2877271	post	655	2554
127	2882271	post	655	2554
127	2887271	post	655	2554
127	2892272	post	655	2554
127	2897272	post	655	2554
127	2902272	post	655	2554
127	2907272	post	655	2554
127	2912272	post	655	2554
127	2917272	post	655	2554
127	2922272	post	655	2554
127	2927272	post	655	2554
127	2932272	post	655	2554
127	2937272	post	655	2554
127	2942272	post	655	2554
127	2947272	post	655	2554
127	2952273	post	655	2554
127	2957273	post	655	2554
127	2962273	post	655	2554
127	2967273	post	655	2554
127	2972292	post	655	2554
127	2977273	post	655	2554
127	2982273	post	655	2554
127	2987273	post	655	2554
127	2992273	post	655	2554
127	2997273	post	655	2554
127	3002273	post	655	2554
127	3007273	post	655	2554
127	3012274	post	655	2554
127	3017274	post	655	2554
127	3022274	post	655	2554
127	3027274	post	655	2554
127	3032274	post	655	2554
127	3037274	post	655	2554
127	3042274	post	655	2554
127	3047274	post	655	2554
127	3052274	post	655	2554
127	3057274	post	655	2554
127	3062276	post	655	2554
127	3067274	post	655	2554
127	3072265	post	655	2554
127	3077265	post	655	2554
127	3082265	post	655	2554
127	3087265	post	655	2554
127	3092265	post	655	2554
127	3097265	post	655	2554
127	3102265	post	655	2554
127	3107265	post	655	2554
127	3112265	post	655	2554
127	3117265	post	655	2554
127	3122265	post	655	2554
127	3127275	post	655	2554
