127	1922326	post	656	2554
127	1927319	post	656	2554
127	1932325	post	656	2554
127	1937326	post	656	2554
127	1942325	post	656	2554
127	1947325	post	656	2554
127	1952326	post	656	2554
127	1957326	post	656	2554
127	1962326	post	656	2554
127	1967326	post	656	2554
127	1972319	post	656	2554
127	1977326	post	656	2554
127	1982326	post	656	2554
127	1987326	post	656	2554
127	1992326	post	656	2554
127	1997326	post	656	2554
127	2002327	post	656	2554
127	2007327	post	656	2554
127	2012327	post	656	2554
127	2017327	post	656	2554
127	2022327	post	656	2554
127	2027327	post	656	2554
127	2032327	post	656	2554
127	2037327	post	656	2554
127	2042327	post	656	2554
127	2047327	post	656	2554
127	2052327	post	656	2554
127	2057328	post	656	2554
127	2062328	post	656	2554
127	2067328	post	656	2554
127	2072328	post	656	2554
127	2077328	post	656	2554
127	2082328	post	656	2554
127	2087328	post	656	2554
127	2092328	post	656	2554
127	2097328	post	656	2554
127	2102328	post	656	2554
127	2107328	post	656	2554
127	2112319	post	656	2554
127	2117319	post	656	2554
127	2122319	post	656	2554
127	2127319	post	656	2554
127	2132329	post	656	2554
127	2137319	post	656	2554
127	2142319	post	656	2554
127	2147319	post	656	2554
127	2152319	post	656	2554
127	2157319	post	656	2554
127	2162329	post	656	2554
127	2167319	post	656	2554
127	2172320	post	656	2554
127	2177320	post	656	2554
127	2182320	post	656	2554
127	2187320	post	656	2554
127	2192320	post	656	2554
127	2197320	post	656	2554
127	2202320	post	656	2554
127	2207320	post	656	2554
127	2212320	post	656	2554
127	2217320	post	656	2554
127	2222320	post	656	2554
127	2227321	post	656	2554
127	2232321	post	656	2554
127	2237321	post	656	2554
127	2242321	post	656	2554
127	2247321	post	656	2554
127	2252321	post	656	2554
127	2257321	post	656	2554
127	2262321	post	656	2554
127	2267321	post	656	2554
127	2272321	post	656	2554
127	2277321	post	656	2554
127	2282321	post	656	2554
127	2287322	post	656	2554
127	2292322	post	656	2554
127	2297322	post	656	2554
127	2302322	post	656	2554
127	2307322	post	656	2554
127	2312322	post	656	2554
127	2317425	post	656	2554
127	2322323	post	656	2554
127	2327322	post	656	2554
127	2332322	post	656	2554
127	2337322	post	656	2554
127	2342322	post	656	2554
127	2347323	post	656	2554
127	2352323	post	656	2554
127	2357323	post	656	2554
127	2362323	post	656	2554
127	2367323	post	656	2554
127	2372323	post	656	2554
127	2377323	post	656	2554
127	2382323	post	656	2554
127	2387323	post	656	2554
127	2392323	post	656	2554
127	2397323	post	656	2554
127	2402324	post	656	2554
127	2407324	post	656	2554
127	2412324	post	656	2554
127	2417319	post	656	2554
127	2422324	post	656	2554
127	2427324	post	656	2554
127	2432324	post	656	2554
127	2437324	post	656	2554
127	2442319	post	656	2554
127	2447319	post	656	2554
127	2452324	post	656	2554
127	2457324	post	656	2554
127	2462325	post	656	2554
127	2467325	post	656	2554
127	2472325	post	656	2554
127	2477325	post	656	2554
127	2482325	post	656	2554
127	2487319	post	656	2554
127	2492325	post	656	2554
127	2497325	post	656	2554
127	2502325	post	656	2554
127	2507325	post	656	2554
127	2512325	post	656	2554
127	2517325	post	656	2554
127	2522326	post	656	2554
127	2527326	post	656	2554
127	2532326	post	656	2554
127	2537319	post	656	2554
127	2542326	post	656	2554
127	2547326	post	656	2554
127	2552326	post	656	2554
127	2557326	post	656	2554
127	2562319	post	656	2554
127	2567326	post	656	2554
127	2572326	post	656	2554
127	2577327	post	656	2554
127	2582327	post	656	2554
127	2587327	post	656	2554
127	2592327	post	656	2554
127	2597319	post	656	2554
127	2602327	post	656	2554
127	2607327	post	656	2554
127	2612327	post	656	2554
127	2617327	post	656	2554
127	2622327	post	656	2554
127	2627327	post	656	2554
127	2632327	post	656	2554
127	2637328	post	656	2554
127	2642328	post	656	2554
127	2647328	post	656	2554
127	2652328	post	656	2554
127	2657328	post	656	2554
127	2662328	post	656	2554
127	2667328	post	656	2554
127	2672328	post	656	2554
127	2677353	post	656	2554
127	2682328	post	656	2554
127	2687328	post	656	2554
127	2692328	post	656	2554
127	2697319	post	656	2554
127	2702319	post	656	2554
127	2707319	post	656	2554
127	2712319	post	656	2554
127	2717319	post	656	2554
127	2722319	post	656	2554
127	2727319	post	656	2554
127	2732319	post	656	2554
127	2737319	post	656	2554
127	2742319	post	656	2554
127	2747319	post	656	2554
127	2752319	post	656	2554
127	2757320	post	656	2554
127	2762320	post	656	2554
127	2767320	post	656	2554
127	2772320	post	656	2554
127	2777320	post	656	2554
127	2782320	post	656	2554
127	2787320	post	656	2554
127	2792320	post	656	2554
127	2797320	post	656	2554
127	2802320	post	656	2554
127	2807320	post	656	2554
127	2812320	post	656	2554
127	2817320	post	656	2554
127	2822320	post	656	2554
127	2827321	post	656	2554
127	2832321	post	656	2554
127	2837321	post	656	2554
127	2842321	post	656	2554
127	2847321	post	656	2554
127	2852321	post	656	2554
127	2857332	post	656	2554
127	2862321	post	656	2554
127	2867321	post	656	2554
127	2872321	post	656	2554
127	2877321	post	656	2554
127	2882321	post	656	2554
127	2887321	post	656	2554
127	2892322	post	656	2554
127	2897322	post	656	2554
127	2902322	post	656	2554
127	2907322	post	656	2554
127	2912322	post	656	2554
127	2917322	post	656	2554
127	2922322	post	656	2554
127	2927322	post	656	2554
127	2932322	post	656	2554
127	2937322	post	656	2554
127	2942322	post	656	2554
127	2947322	post	656	2554
127	2952323	post	656	2554
127	2957323	post	656	2554
127	2962323	post	656	2554
127	2967323	post	656	2554
127	2972323	post	656	2554
127	2977323	post	656	2554
127	2982323	post	656	2554
127	2987323	post	656	2554
127	2992323	post	656	2554
127	2997323	post	656	2554
127	3002323	post	656	2554
127	3007323	post	656	2554
127	3012324	post	656	2554
127	3017324	post	656	2554
127	3022324	post	656	2554
127	3027324	post	656	2554
127	3032324	post	656	2554
127	3037324	post	656	2554
127	3042324	post	656	2554
127	3047324	post	656	2554
127	3052324	post	656	2554
127	3057324	post	656	2554
127	3062324	post	656	2554
127	3067324	post	656	2554
127	3072325	post	656	2554
127	3077325	post	656	2554
127	3082325	post	656	2554
127	3087325	post	656	2554
127	3092325	post	656	2554
127	3097325	post	656	2554
127	3102325	post	656	2554
127	3107325	post	656	2554
127	3112325	post	656	2554
127	3117325	post	656	2554
127	3122325	post	656	2554
127	3127325	post	656	2554
