127	1922376	post	658	2554
127	1927374	post	658	2554
127	1932376	post	658	2554
127	1937375	post	658	2554
127	1942375	post	658	2554
127	1947375	post	658	2554
127	1952376	post	658	2554
127	1957376	post	658	2554
127	1962376	post	658	2554
127	1967376	post	658	2554
127	1972373	post	658	2554
127	1977376	post	658	2554
127	1982376	post	658	2554
127	1987376	post	658	2554
127	1992376	post	658	2554
127	1997376	post	658	2554
127	2002377	post	658	2554
127	2007377	post	658	2554
127	2012377	post	658	2554
127	2017377	post	658	2554
127	2022377	post	658	2554
127	2027377	post	658	2554
127	2032377	post	658	2554
127	2037377	post	658	2554
127	2042377	post	658	2554
127	2047377	post	658	2554
127	2052377	post	658	2554
127	2057378	post	658	2554
127	2062378	post	658	2554
127	2067377	post	658	2554
127	2072378	post	658	2554
127	2077378	post	658	2554
127	2082378	post	658	2554
127	2087378	post	658	2554
127	2092378	post	658	2554
127	2097378	post	658	2554
127	2102378	post	658	2554
127	2107456	post	658	2554
127	2112379	post	658	2554
127	2117379	post	658	2554
127	2122379	post	658	2554
127	2127379	post	658	2554
127	2132379	post	658	2554
127	2137429	post	658	2554
127	2142373	post	658	2554
127	2147379	post	658	2554
127	2152379	post	658	2554
127	2157373	post	658	2554
127	2162379	post	658	2554
127	2167377	post	658	2554
127	2172381	post	658	2554
127	2177380	post	658	2554
127	2182380	post	658	2554
127	2187380	post	658	2554
127	2192380	post	658	2554
127	2197380	post	658	2554
127	2202380	post	658	2554
127	2207380	post	658	2554
127	2212373	post	658	2554
127	2217380	post	658	2554
127	2222380	post	658	2554
127	2227381	post	658	2554
127	2232381	post	658	2554
127	2237381	post	658	2554
127	2242381	post	658	2554
127	2247381	post	658	2554
127	2252381	post	658	2554
127	2257381	post	658	2554
127	2262381	post	658	2554
127	2267381	post	658	2554
127	2272381	post	658	2554
127	2277381	post	658	2554
127	2282381	post	658	2554
127	2287382	post	658	2554
127	2292382	post	658	2554
127	2297382	post	658	2554
127	2302382	post	658	2554
127	2307382	post	658	2554
127	2312382	post	658	2554
127	2317426	post	658	2554
127	2322382	post	658	2554
127	2327382	post	658	2554
127	2332382	post	658	2554
127	2337382	post	658	2554
127	2342382	post	658	2554
127	2347373	post	658	2554
127	2352373	post	658	2554
127	2357373	post	658	2554
127	2362373	post	658	2554
127	2367373	post	658	2554
127	2372373	post	658	2554
127	2377373	post	658	2554
127	2382373	post	658	2554
127	2387373	post	658	2554
127	2392373	post	658	2554
127	2397373	post	658	2554
127	2402374	post	658	2554
127	2407374	post	658	2554
127	2412374	post	658	2554
127	2417373	post	658	2554
127	2422374	post	658	2554
127	2427374	post	658	2554
127	2432374	post	658	2554
127	2437374	post	658	2554
127	2442373	post	658	2554
127	2447373	post	658	2554
127	2452374	post	658	2554
127	2457374	post	658	2554
127	2462375	post	658	2554
127	2467375	post	658	2554
127	2472375	post	658	2554
127	2477375	post	658	2554
127	2482375	post	658	2554
127	2487373	post	658	2554
127	2492473	post	658	2554
127	2497375	post	658	2554
127	2502375	post	658	2554
127	2507375	post	658	2554
127	2512375	post	658	2554
127	2517375	post	658	2554
127	2522376	post	658	2554
127	2527376	post	658	2554
127	2532376	post	658	2554
127	2537373	post	658	2554
127	2542376	post	658	2554
127	2547376	post	658	2554
127	2552376	post	658	2554
127	2557376	post	658	2554
127	2562373	post	658	2554
127	2567376	post	658	2554
127	2572376	post	658	2554
127	2577377	post	658	2554
127	2582377	post	658	2554
127	2587377	post	658	2554
127	2592377	post	658	2554
127	2597373	post	658	2554
127	2602377	post	658	2554
127	2607377	post	658	2554
127	2612377	post	658	2554
127	2617377	post	658	2554
127	2622377	post	658	2554
127	2627377	post	658	2554
127	2632377	post	658	2554
127	2637378	post	658	2554
127	2642378	post	658	2554
127	2647378	post	658	2554
127	2652378	post	658	2554
127	2657378	post	658	2554
127	2662378	post	658	2554
127	2667378	post	658	2554
127	2672378	post	658	2554
127	2677455	post	658	2554
127	2682378	post	658	2554
127	2687378	post	658	2554
127	2692378	post	658	2554
127	2697379	post	658	2554
127	2702379	post	658	2554
127	2707379	post	658	2554
127	2712379	post	658	2554
127	2717379	post	658	2554
127	2722379	post	658	2554
127	2727379	post	658	2554
127	2732379	post	658	2554
127	2737379	post	658	2554
127	2742379	post	658	2554
127	2747379	post	658	2554
127	2752379	post	658	2554
127	2757441	post	658	2554
127	2762380	post	658	2554
127	2767380	post	658	2554
127	2772380	post	658	2554
127	2777380	post	658	2554
127	2782380	post	658	2554
127	2787380	post	658	2554
127	2792380	post	658	2554
127	2797380	post	658	2554
127	2802380	post	658	2554
127	2807380	post	658	2554
127	2812380	post	658	2554
127	2817380	post	658	2554
127	2822380	post	658	2554
127	2827381	post	658	2554
127	2832381	post	658	2554
127	2837381	post	658	2554
127	2842381	post	658	2554
127	2847381	post	658	2554
127	2852381	post	658	2554
127	2857381	post	658	2554
127	2862381	post	658	2554
127	2867381	post	658	2554
127	2872381	post	658	2554
127	2877381	post	658	2554
127	2882381	post	658	2554
127	2887381	post	658	2554
127	2892382	post	658	2554
127	2897382	post	658	2554
127	2902382	post	658	2554
127	2907382	post	658	2554
127	2912382	post	658	2554
127	2917382	post	658	2554
127	2922382	post	658	2554
127	2927382	post	658	2554
127	2932382	post	658	2554
127	2937382	post	658	2554
127	2942382	post	658	2554
127	2947382	post	658	2554
127	2952373	post	658	2554
127	2957373	post	658	2554
127	2962373	post	658	2554
127	2967373	post	658	2554
127	2972373	post	658	2554
127	2977373	post	658	2554
127	2982373	post	658	2554
127	2987373	post	658	2554
127	2992373	post	658	2554
127	2997373	post	658	2554
127	3002373	post	658	2554
127	3007373	post	658	2554
127	3012374	post	658	2554
127	3017374	post	658	2554
127	3022374	post	658	2554
127	3027374	post	658	2554
127	3032374	post	658	2554
127	3037374	post	658	2554
127	3042374	post	658	2554
127	3047374	post	658	2554
127	3052374	post	658	2554
127	3057374	post	658	2554
127	3062374	post	658	2554
127	3067374	post	658	2554
127	3072375	post	658	2554
127	3077375	post	658	2554
127	3082375	post	658	2554
127	3087375	post	658	2554
127	3092375	post	658	2554
127	3097375	post	658	2554
127	3102375	post	658	2554
127	3107375	post	658	2554
127	3112375	post	658	2554
127	3117375	post	658	2554
127	3122380	post	658	2554
127	3127375	post	658	2554
