127	1922416	post	671	2554
127	1927415	post	671	2554
127	1932425	post	671	2554
127	1937415	post	671	2554
127	1942415	post	671	2554
127	1947415	post	671	2554
127	1952416	post	671	2554
127	1957416	post	671	2554
127	1962416	post	671	2554
127	1967416	post	671	2554
127	1972446	post	671	2554
127	1977416	post	671	2554
127	1982416	post	671	2554
127	1987416	post	671	2554
127	1992416	post	671	2554
127	1997416	post	671	2554
127	2002417	post	671	2554
127	2007417	post	671	2554
127	2012417	post	671	2554
127	2017417	post	671	2554
127	2022417	post	671	2554
127	2027417	post	671	2554
127	2032508	post	671	2554
127	2037415	post	671	2554
127	2042415	post	671	2554
127	2047417	post	671	2554
127	2052417	post	671	2554
127	2057418	post	671	2554
127	2062418	post	671	2554
127	2067418	post	671	2554
127	2072418	post	671	2554
127	2077418	post	671	2554
127	2082418	post	671	2554
127	2087418	post	671	2554
127	2092418	post	671	2554
127	2097418	post	671	2554
127	2102418	post	671	2554
127	2107456	post	671	2554
127	2112419	post	671	2554
127	2117419	post	671	2554
127	2122419	post	671	2554
127	2127419	post	671	2554
127	2132419	post	671	2554
127	2137428	post	671	2554
127	2142415	post	671	2554
127	2147419	post	671	2554
127	2152419	post	671	2554
127	2157415	post	671	2554
127	2162419	post	671	2554
127	2167419	post	671	2554
127	2172420	post	671	2554
127	2177420	post	671	2554
127	2182420	post	671	2554
127	2187420	post	671	2554
127	2192420	post	671	2554
127	2197420	post	671	2554
127	2202420	post	671	2554
127	2207420	post	671	2554
127	2212421	post	671	2554
127	2217420	post	671	2554
127	2222420	post	671	2554
127	2227421	post	671	2554
127	2232421	post	671	2554
127	2237421	post	671	2554
127	2242421	post	671	2554
127	2247421	post	671	2554
127	2252421	post	671	2554
127	2257421	post	671	2554
127	2262421	post	671	2554
127	2267421	post	671	2554
127	2272421	post	671	2554
127	2277421	post	671	2554
127	2282421	post	671	2554
127	2287422	post	671	2554
127	2292422	post	671	2554
127	2297422	post	671	2554
127	2302422	post	671	2554
127	2307422	post	671	2554
127	2312422	post	671	2554
127	2317426	post	671	2554
127	2322422	post	671	2554
127	2327422	post	671	2554
127	2332422	post	671	2554
127	2337422	post	671	2554
127	2342422	post	671	2554
127	2347423	post	671	2554
127	2352423	post	671	2554
127	2357423	post	671	2554
127	2362423	post	671	2554
127	2367423	post	671	2554
127	2372423	post	671	2554
127	2377423	post	671	2554
127	2382423	post	671	2554
127	2387423	post	671	2554
127	2392423	post	671	2554
127	2397423	post	671	2554
127	2402424	post	671	2554
127	2407424	post	671	2554
127	2412424	post	671	2554
127	2417497	post	671	2554
127	2422424	post	671	2554
127	2427424	post	671	2554
127	2432424	post	671	2554
127	2437424	post	671	2554
127	2442415	post	671	2554
127	2447415	post	671	2554
127	2452426	post	671	2554
127	2457424	post	671	2554
127	2462415	post	671	2554
127	2467415	post	671	2554
127	2472415	post	671	2554
127	2477415	post	671	2554
127	2482415	post	671	2554
127	2487415	post	671	2554
127	2492474	post	671	2554
127	2497415	post	671	2554
127	2502415	post	671	2554
127	2507415	post	671	2554
127	2512415	post	671	2554
127	2517415	post	671	2554
127	2522416	post	671	2554
127	2527416	post	671	2554
127	2532416	post	671	2554
127	2537415	post	671	2554
127	2542416	post	671	2554
127	2547448	post	671	2554
127	2552416	post	671	2554
127	2557416	post	671	2554
127	2562415	post	671	2554
127	2567416	post	671	2554
127	2572416	post	671	2554
127	2577417	post	671	2554
127	2582417	post	671	2554
127	2587417	post	671	2554
127	2592417	post	671	2554
127	2597415	post	671	2554
127	2602417	post	671	2554
127	2607417	post	671	2554
127	2612417	post	671	2554
127	2617417	post	671	2554
127	2622417	post	671	2554
127	2627417	post	671	2554
127	2632491	post	671	2554
127	2637418	post	671	2554
127	2642418	post	671	2554
127	2647420	post	671	2554
127	2652557	post	671	2554
127	2657418	post	671	2554
127	2662418	post	671	2554
127	2667418	post	671	2554
127	2672418	post	671	2554
127	2677457	post	671	2554
127	2682418	post	671	2554
127	2687418	post	671	2554
127	2692418	post	671	2554
127	2697419	post	671	2554
127	2702419	post	671	2554
127	2707419	post	671	2554
127	2712419	post	671	2554
127	2717419	post	671	2554
127	2722419	post	671	2554
127	2727419	post	671	2554
127	2732419	post	671	2554
127	2737419	post	671	2554
127	2742419	post	671	2554
127	2747419	post	671	2554
127	2752419	post	671	2554
127	2757441	post	671	2554
127	2762420	post	671	2554
127	2767420	post	671	2554
127	2772420	post	671	2554
127	2777420	post	671	2554
127	2782420	post	671	2554
127	2787420	post	671	2554
127	2792420	post	671	2554
127	2797420	post	671	2554
127	2802420	post	671	2554
127	2807420	post	671	2554
127	2812420	post	671	2554
127	2817420	post	671	2554
127	2822420	post	671	2554
127	2827421	post	671	2554
127	2832421	post	671	2554
127	2837421	post	671	2554
127	2842421	post	671	2554
127	2847421	post	671	2554
127	2852421	post	671	2554
127	2857421	post	671	2554
127	2862421	post	671	2554
127	2867421	post	671	2554
127	2872421	post	671	2554
127	2877421	post	671	2554
127	2882421	post	671	2554
127	2887421	post	671	2554
127	2892422	post	671	2554
127	2897422	post	671	2554
127	2902422	post	671	2554
127	2907422	post	671	2554
127	2912422	post	671	2554
127	2917422	post	671	2554
127	2922422	post	671	2554
127	2927422	post	671	2554
127	2932422	post	671	2554
127	2937422	post	671	2554
127	2942422	post	671	2554
127	2947422	post	671	2554
127	2952423	post	671	2554
127	2957423	post	671	2554
127	2962423	post	671	2554
127	2967423	post	671	2554
127	2972423	post	671	2554
127	2977423	post	671	2554
127	2982423	post	671	2554
127	2987423	post	671	2554
127	2992423	post	671	2554
127	2997423	post	671	2554
127	3002423	post	671	2554
127	3007423	post	671	2554
127	3012424	post	671	2554
127	3017424	post	671	2554
127	3022424	post	671	2554
127	3027424	post	671	2554
127	3032424	post	671	2554
127	3037424	post	671	2554
127	3042424	post	671	2554
127	3047424	post	671	2554
127	3052424	post	671	2554
127	3057424	post	671	2554
127	3062424	post	671	2554
127	3067424	post	671	2554
127	3072415	post	671	2554
127	3077415	post	671	2554
127	3082415	post	671	2554
127	3087415	post	671	2554
127	3092415	post	671	2554
127	3097415	post	671	2554
127	3102415	post	671	2554
127	3107415	post	671	2554
127	3112415	post	671	2554
127	3117415	post	671	2554
127	3122415	post	671	2554
127	3127415	post	671	2554
