127	1922616	post	673	2554
127	1927612	post	673	2554
127	1932615	post	673	2554
127	1937616	post	673	2554
127	1942615	post	673	2554
127	1947615	post	673	2554
127	1952616	post	673	2554
127	1957616	post	673	2554
127	1962616	post	673	2554
127	1967616	post	673	2554
127	1972616	post	673	2554
127	1977616	post	673	2554
127	1982616	post	673	2554
127	1987616	post	673	2554
127	1992616	post	673	2554
127	1997616	post	673	2554
127	2002617	post	673	2554
127	2007617	post	673	2554
127	2012617	post	673	2554
127	2017617	post	673	2554
127	2022617	post	673	2554
127	2027617	post	673	2554
127	2032617	post	673	2554
127	2037617	post	673	2554
127	2042617	post	673	2554
127	2047617	post	673	2554
127	2052617	post	673	2554
127	2057618	post	673	2554
127	2062618	post	673	2554
127	2067618	post	673	2554
127	2072618	post	673	2554
127	2077618	post	673	2554
127	2082618	post	673	2554
127	2087618	post	673	2554
127	2092618	post	673	2554
127	2097618	post	673	2554
127	2102618	post	673	2554
127	2107618	post	673	2554
127	2112619	post	673	2554
127	2117619	post	673	2554
127	2122619	post	673	2554
127	2127619	post	673	2554
127	2132619	post	673	2554
127	2137619	post	673	2554
127	2142617	post	673	2554
127	2147619	post	673	2554
127	2152619	post	673	2554
127	2157612	post	673	2554
127	2162619	post	673	2554
127	2167619	post	673	2554
127	2172650	post	673	2554
127	2177620	post	673	2554
127	2182620	post	673	2554
127	2187620	post	673	2554
127	2192620	post	673	2554
127	2197620	post	673	2554
127	2202620	post	673	2554
127	2207620	post	673	2554
127	2212620	post	673	2554
127	2217620	post	673	2554
127	2222620	post	673	2554
127	2227621	post	673	2554
127	2232621	post	673	2554
127	2237621	post	673	2554
127	2242621	post	673	2554
127	2247621	post	673	2554
127	2252621	post	673	2554
127	2257621	post	673	2554
127	2262621	post	673	2554
127	2267621	post	673	2554
127	2272621	post	673	2554
127	2277621	post	673	2554
127	2282621	post	673	2554
127	2287612	post	673	2554
127	2292612	post	673	2554
127	2297612	post	673	2554
127	2302612	post	673	2554
127	2307612	post	673	2554
127	2312612	post	673	2554
127	2317612	post	673	2554
127	2322612	post	673	2554
127	2327612	post	673	2554
127	2332612	post	673	2554
127	2337612	post	673	2554
127	2342612	post	673	2554
127	2347613	post	673	2554
127	2352613	post	673	2554
127	2357613	post	673	2554
127	2362613	post	673	2554
127	2367613	post	673	2554
127	2372613	post	673	2554
127	2377613	post	673	2554
127	2382613	post	673	2554
127	2387613	post	673	2554
127	2392613	post	673	2554
127	2397613	post	673	2554
127	2402614	post	673	2554
127	2407614	post	673	2554
127	2412614	post	673	2554
127	2417614	post	673	2554
127	2422614	post	673	2554
127	2427614	post	673	2554
127	2432614	post	673	2554
127	2437614	post	673	2554
127	2442612	post	673	2554
127	2447617	post	673	2554
127	2452614	post	673	2554
127	2457614	post	673	2554
127	2462615	post	673	2554
127	2467615	post	673	2554
127	2472615	post	673	2554
127	2477615	post	673	2554
127	2482615	post	673	2554
127	2487612	post	673	2554
127	2492615	post	673	2554
127	2497615	post	673	2554
127	2502615	post	673	2554
127	2507615	post	673	2554
127	2512615	post	673	2554
127	2517615	post	673	2554
127	2522616	post	673	2554
127	2527616	post	673	2554
127	2532616	post	673	2554
127	2537612	post	673	2554
127	2542616	post	673	2554
127	2547616	post	673	2554
127	2552616	post	673	2554
127	2557616	post	673	2554
127	2562612	post	673	2554
127	2567616	post	673	2554
127	2572616	post	673	2554
127	2577617	post	673	2554
127	2582617	post	673	2554
127	2587617	post	673	2554
127	2592617	post	673	2554
127	2597612	post	673	2554
127	2602617	post	673	2554
127	2607617	post	673	2554
127	2612617	post	673	2554
127	2617617	post	673	2554
127	2622617	post	673	2554
127	2627617	post	673	2554
127	2632617	post	673	2554
127	2637618	post	673	2554
127	2642618	post	673	2554
127	2647618	post	673	2554
127	2652618	post	673	2554
127	2657618	post	673	2554
127	2662618	post	673	2554
127	2667618	post	673	2554
127	2672618	post	673	2554
127	2677618	post	673	2554
127	2682618	post	673	2554
127	2687618	post	673	2554
127	2692618	post	673	2554
127	2697619	post	673	2554
127	2702619	post	673	2554
127	2707619	post	673	2554
127	2712619	post	673	2554
127	2717619	post	673	2554
127	2722619	post	673	2554
127	2727619	post	673	2554
127	2732619	post	673	2554
127	2737619	post	673	2554
127	2742619	post	673	2554
127	2747619	post	673	2554
127	2752619	post	673	2554
127	2757620	post	673	2554
127	2762620	post	673	2554
127	2767620	post	673	2554
127	2772620	post	673	2554
127	2777620	post	673	2554
127	2782620	post	673	2554
127	2787620	post	673	2554
127	2792620	post	673	2554
127	2797620	post	673	2554
127	2802620	post	673	2554
127	2807620	post	673	2554
127	2812620	post	673	2554
127	2817620	post	673	2554
127	2822620	post	673	2554
127	2827621	post	673	2554
127	2832621	post	673	2554
127	2837621	post	673	2554
127	2842621	post	673	2554
127	2847621	post	673	2554
127	2852621	post	673	2554
127	2857621	post	673	2554
127	2862621	post	673	2554
127	2867621	post	673	2554
127	2872621	post	673	2554
127	2877621	post	673	2554
127	2882621	post	673	2554
127	2887621	post	673	2554
127	2892612	post	673	2554
127	2897612	post	673	2554
127	2902612	post	673	2554
127	2907612	post	673	2554
127	2912612	post	673	2554
127	2917612	post	673	2554
127	2922612	post	673	2554
127	2927612	post	673	2554
127	2932612	post	673	2554
127	2937612	post	673	2554
127	2942612	post	673	2554
127	2947612	post	673	2554
127	2952613	post	673	2554
127	2957613	post	673	2554
127	2962613	post	673	2554
127	2967613	post	673	2554
127	2972613	post	673	2554
127	2977613	post	673	2554
127	2982613	post	673	2554
127	2987613	post	673	2554
127	2992613	post	673	2554
127	2997613	post	673	2554
127	3002613	post	673	2554
127	3007613	post	673	2554
127	3012614	post	673	2554
127	3017614	post	673	2554
127	3022614	post	673	2554
127	3027614	post	673	2554
127	3032614	post	673	2554
127	3037614	post	673	2554
127	3042707	post	673	2554
127	3047614	post	673	2554
127	3052614	post	673	2554
127	3057614	post	673	2554
127	3062614	post	673	2554
127	3067614	post	673	2554
127	3072615	post	673	2554
127	3077615	post	673	2554
127	3082615	post	673	2554
127	3087615	post	673	2554
127	3092615	post	673	2554
127	3097615	post	673	2554
127	3102615	post	673	2554
127	3107615	post	673	2554
127	3112615	post	673	2554
127	3117615	post	673	2554
127	3122615	post	673	2554
