127	1922736	post	675	2554
127	1927727	post	675	2554
127	1932735	post	675	2554
127	1937736	post	675	2554
127	1942735	post	675	2554
127	1947735	post	675	2554
127	1952726	post	675	2554
127	1957726	post	675	2554
127	1962726	post	675	2554
127	1967726	post	675	2554
127	1972726	post	675	2554
127	1977726	post	675	2554
127	1982726	post	675	2554
127	1987726	post	675	2554
127	1992726	post	675	2554
127	1997726	post	675	2554
127	2002727	post	675	2554
127	2007727	post	675	2554
127	2012728	post	675	2554
127	2017727	post	675	2554
127	2022727	post	675	2554
127	2027727	post	675	2554
127	2032727	post	675	2554
127	2037727	post	675	2554
127	2042727	post	675	2554
127	2047727	post	675	2554
127	2052727	post	675	2554
127	2057728	post	675	2554
127	2062728	post	675	2554
127	2067728	post	675	2554
127	2072728	post	675	2554
127	2077728	post	675	2554
127	2082728	post	675	2554
127	2087728	post	675	2554
127	2092728	post	675	2554
127	2097728	post	675	2554
127	2102728	post	675	2554
127	2107728	post	675	2554
127	2112729	post	675	2554
127	2117729	post	675	2554
127	2122729	post	675	2554
127	2127726	post	675	2554
127	2132729	post	675	2554
127	2137729	post	675	2554
127	2142726	post	675	2554
127	2147729	post	675	2554
127	2152729	post	675	2554
127	2157734	post	675	2554
127	2162729	post	675	2554
127	2167729	post	675	2554
127	2172730	post	675	2554
127	2177730	post	675	2554
127	2182730	post	675	2554
127	2187747	post	675	2554
127	2192730	post	675	2554
127	2197730	post	675	2554
127	2202730	post	675	2554
127	2207730	post	675	2554
127	2212726	post	675	2554
127	2217740	post	675	2554
127	2222730	post	675	2554
127	2227731	post	675	2554
127	2232731	post	675	2554
127	2237731	post	675	2554
127	2242731	post	675	2554
127	2247731	post	675	2554
127	2252731	post	675	2554
127	2257731	post	675	2554
127	2262731	post	675	2554
127	2267731	post	675	2554
127	2272731	post	675	2554
127	2277731	post	675	2554
127	2282731	post	675	2554
127	2287732	post	675	2554
127	2292732	post	675	2554
127	2297732	post	675	2554
127	2302732	post	675	2554
127	2307732	post	675	2554
127	2312732	post	675	2554
127	2317732	post	675	2554
127	2322732	post	675	2554
127	2327732	post	675	2554
127	2332732	post	675	2554
127	2337732	post	675	2554
127	2342732	post	675	2554
127	2347733	post	675	2554
127	2352733	post	675	2554
127	2357733	post	675	2554
127	2362733	post	675	2554
127	2367733	post	675	2554
127	2372733	post	675	2554
127	2377733	post	675	2554
127	2382733	post	675	2554
127	2387733	post	675	2554
127	2392733	post	675	2554
127	2397733	post	675	2554
127	2402734	post	675	2554
127	2407734	post	675	2554
127	2412734	post	675	2554
127	2417734	post	675	2554
127	2422734	post	675	2554
127	2427734	post	675	2554
127	2432734	post	675	2554
127	2437844	post	675	2554
127	2442726	post	675	2554
127	2447734	post	675	2554
127	2452734	post	675	2554
127	2457734	post	675	2554
127	2462735	post	675	2554
127	2467735	post	675	2554
127	2472735	post	675	2554
127	2477735	post	675	2554
127	2482735	post	675	2554
127	2487726	post	675	2554
127	2492735	post	675	2554
127	2497735	post	675	2554
127	2502735	post	675	2554
127	2507735	post	675	2554
127	2512735	post	675	2554
127	2517735	post	675	2554
127	2522795	post	675	2554
127	2527726	post	675	2554
127	2532726	post	675	2554
127	2537726	post	675	2554
127	2542726	post	675	2554
127	2547726	post	675	2554
127	2552726	post	675	2554
127	2557726	post	675	2554
127	2562726	post	675	2554
127	2567736	post	675	2554
127	2572726	post	675	2554
127	2577727	post	675	2554
127	2582727	post	675	2554
127	2587727	post	675	2554
127	2592727	post	675	2554
127	2597726	post	675	2554
127	2602727	post	675	2554
127	2607727	post	675	2554
127	2612727	post	675	2554
127	2617727	post	675	2554
127	2622727	post	675	2554
127	2627727	post	675	2554
127	2632727	post	675	2554
127	2637728	post	675	2554
127	2642728	post	675	2554
127	2647728	post	675	2554
127	2652728	post	675	2554
127	2657728	post	675	2554
127	2662743	post	675	2554
127	2667728	post	675	2554
127	2672764	post	675	2554
127	2677728	post	675	2554
127	2682728	post	675	2554
127	2687728	post	675	2554
127	2692728	post	675	2554
127	2697729	post	675	2554
127	2702729	post	675	2554
127	2707729	post	675	2554
127	2712729	post	675	2554
127	2717729	post	675	2554
127	2722729	post	675	2554
127	2727729	post	675	2554
127	2732729	post	675	2554
127	2737729	post	675	2554
127	2742729	post	675	2554
127	2747729	post	675	2554
127	2752729	post	675	2554
127	2757730	post	675	2554
127	2762730	post	675	2554
127	2767730	post	675	2554
127	2772730	post	675	2554
127	2777730	post	675	2554
127	2782730	post	675	2554
127	2787730	post	675	2554
127	2792730	post	675	2554
127	2797730	post	675	2554
127	2802730	post	675	2554
127	2807730	post	675	2554
127	2812730	post	675	2554
127	2817730	post	675	2554
127	2822730	post	675	2554
127	2827731	post	675	2554
127	2832731	post	675	2554
127	2837731	post	675	2554
127	2842731	post	675	2554
127	2847731	post	675	2554
127	2852731	post	675	2554
127	2857731	post	675	2554
127	2862731	post	675	2554
127	2867731	post	675	2554
127	2872731	post	675	2554
127	2877731	post	675	2554
127	2882731	post	675	2554
127	2887731	post	675	2554
127	2892732	post	675	2554
127	2897732	post	675	2554
127	2902732	post	675	2554
127	2907732	post	675	2554
127	2912732	post	675	2554
127	2917732	post	675	2554
127	2922732	post	675	2554
127	2927732	post	675	2554
127	2932732	post	675	2554
127	2937732	post	675	2554
127	2942732	post	675	2554
127	2947732	post	675	2554
127	2952733	post	675	2554
127	2957733	post	675	2554
127	2962733	post	675	2554
127	2967733	post	675	2554
127	2972733	post	675	2554
127	2977733	post	675	2554
127	2982733	post	675	2554
127	2987733	post	675	2554
127	2992733	post	675	2554
127	2997733	post	675	2554
127	3002733	post	675	2554
127	3007733	post	675	2554
127	3012734	post	675	2554
127	3017734	post	675	2554
127	3022734	post	675	2554
127	3027734	post	675	2554
127	3032734	post	675	2554
127	3037734	post	675	2554
127	3042734	post	675	2554
127	3047734	post	675	2554
127	3052734	post	675	2554
127	3057734	post	675	2554
127	3062734	post	675	2554
127	3067734	post	675	2554
127	3072735	post	675	2554
127	3077735	post	675	2554
127	3082735	post	675	2554
127	3087735	post	675	2554
127	3092763	post	675	2554
127	3097735	post	675	2554
127	3102735	post	675	2554
127	3107735	post	675	2554
127	3112735	post	675	2554
127	3117735	post	675	2554
127	3122735	post	675	2554
