127	1922856	post	676	2554
127	1927846	post	676	2554
127	1932855	post	676	2554
127	1937855	post	676	2554
127	1942855	post	676	2554
127	1947855	post	676	2554
127	1952846	post	676	2554
127	1957848	post	676	2554
127	1962846	post	676	2554
127	1967849	post	676	2554
127	1972856	post	676	2554
127	1977964	post	676	2554
127	1982849	post	676	2554
127	1987846	post	676	2554
127	1992846	post	676	2554
127	1997846	post	676	2554
127	2002847	post	676	2554
127	2007847	post	676	2554
127	2012847	post	676	2554
127	2017852	post	676	2554
127	2022853	post	676	2554
127	2027852	post	676	2554
127	2032847	post	676	2554
127	2037854	post	676	2554
127	2042851	post	676	2554
127	2047852	post	676	2554
127	2052852	post	676	2554
127	2057848	post	676	2554
127	2062876	post	676	2554
127	2067848	post	676	2554
127	2072848	post	676	2554
127	2077848	post	676	2554
127	2082853	post	676	2554
127	2087856	post	676	2554
127	2092848	post	676	2554
127	2097854	post	676	2554
127	2102852	post	676	2554
127	2107848	post	676	2554
127	2112849	post	676	2554
127	2117855	post	676	2554
127	2122849	post	676	2554
127	2127849	post	676	2554
127	2132849	post	676	2554
127	2137849	post	676	2554
127	2142849	post	676	2554
127	2147849	post	676	2554
127	2152855	post	676	2554
127	2157849	post	676	2554
127	2162849	post	676	2554
127	2167849	post	676	2554
127	2172850	post	676	2554
127	2177850	post	676	2554
127	2182850	post	676	2554
127	2187850	post	676	2554
127	2192856	post	676	2554
127	2197850	post	676	2554
127	2202856	post	676	2554
127	2207850	post	676	2554
127	2212850	post	676	2554
127	2217850	post	676	2554
127	2222850	post	676	2554
127	2227851	post	676	2554
127	2232851	post	676	2554
127	2237851	post	676	2554
127	2242851	post	676	2554
127	2247857	post	676	2554
127	2252851	post	676	2554
127	2257857	post	676	2554
127	2262857	post	676	2554
127	2267851	post	676	2554
127	2272862	post	676	2554
127	2277857	post	676	2554
127	2282857	post	676	2554
127	2287858	post	676	2554
127	2292852	post	676	2554
127	2297852	post	676	2554
127	2302859	post	676	2554
127	2307858	post	676	2554
127	2312852	post	676	2554
127	2317852	post	676	2554
127	2322852	post	676	2554
127	2327852	post	676	2554
127	2332852	post	676	2554
127	2337857	post	676	2554
127	2342852	post	676	2554
127	2347858	post	676	2554
127	2352853	post	676	2554
127	2357853	post	676	2554
127	2362859	post	676	2554
127	2367859	post	676	2554
127	2372853	post	676	2554
127	2377853	post	676	2554
127	2382859	post	676	2554
127	2387853	post	676	2554
127	2392853	post	676	2554
127	2397860	post	676	2554
127	2402854	post	676	2554
127	2407854	post	676	2554
127	2412860	post	676	2554
127	2417854	post	676	2554
127	2422860	post	676	2554
127	2427860	post	676	2554
127	2432860	post	676	2554
127	2437854	post	676	2554
127	2442854	post	676	2554
127	2447854	post	676	2554
127	2452854	post	676	2554
127	2457861	post	676	2554
127	2462861	post	676	2554
127	2467862	post	676	2554
127	2472855	post	676	2554
127	2477864	post	676	2554
127	2482855	post	676	2554
127	2487855	post	676	2554
127	2492855	post	676	2554
127	2497855	post	676	2554
127	2502861	post	676	2554
127	2507967	post	676	2554
127	2512855	post	676	2554
127	2517855	post	676	2554
127	2522846	post	676	2554
127	2527846	post	676	2554
127	2532856	post	676	2554
127	2537852	post	676	2554
127	2542852	post	676	2554
127	2547846	post	676	2554
127	2552846	post	676	2554
127	2557852	post	676	2554
127	2562846	post	676	2554
127	2567852	post	676	2554
127	2572881	post	676	2554
127	2577854	post	676	2554
127	2582847	post	676	2554
127	2587853	post	676	2554
127	2592853	post	676	2554
127	2597846	post	676	2554
127	2602853	post	676	2554
127	2607849	post	676	2554
127	2612847	post	676	2554
127	2617853	post	676	2554
127	2622847	post	676	2554
127	2627847	post	676	2554
127	2632847	post	676	2554
127	2637854	post	676	2554
127	2642854	post	676	2554
127	2647854	post	676	2554
127	2652848	post	676	2554
127	2657853	post	676	2554
127	2662853	post	676	2554
127	2667848	post	676	2554
127	2672854	post	676	2554
127	2677848	post	676	2554
127	2682848	post	676	2554
127	2687898	post	676	2554
127	2692848	post	676	2554
127	2697857	post	676	2554
127	2702855	post	676	2554
127	2707849	post	676	2554
127	2712855	post	676	2554
127	2717854	post	676	2554
127	2722855	post	676	2554
127	2727849	post	676	2554
127	2732854	post	676	2554
127	2737856	post	676	2554
127	2742855	post	676	2554
127	2747849	post	676	2554
127	2752855	post	676	2554
127	2757857	post	676	2554
127	2762850	post	676	2554
127	2767850	post	676	2554
127	2772850	post	676	2554
127	2777855	post	676	2554
127	2782850	post	676	2554
127	2787856	post	676	2554
127	2792850	post	676	2554
127	2797856	post	676	2554
127	2802856	post	676	2554
127	2807850	post	676	2554
127	2812856	post	676	2554
127	2817856	post	676	2554
127	2822855	post	676	2554
127	2827857	post	676	2554
127	2832851	post	676	2554
127	2837857	post	676	2554
127	2842857	post	676	2554
127	2847857	post	676	2554
127	2852851	post	676	2554
127	2857851	post	676	2554
127	2862851	post	676	2554
127	2867851	post	676	2554
127	2872857	post	676	2554
127	2877857	post	676	2554
127	2882851	post	676	2554
127	2887857	post	676	2554
127	2892858	post	676	2554
127	2897857	post	676	2554
127	2902852	post	676	2554
127	2907859	post	676	2554
127	2912852	post	676	2554
127	2917858	post	676	2554
127	2922852	post	676	2554
127	2927857	post	676	2554
127	2932852	post	676	2554
127	2937862	post	676	2554
127	2942852	post	676	2554
127	2947858	post	676	2554
127	2952859	post	676	2554
127	2957853	post	676	2554
127	2962853	post	676	2554
127	2967853	post	676	2554
127	2972853	post	676	2554
127	2977859	post	676	2554
127	2982853	post	676	2554
127	2987858	post	676	2554
127	2992859	post	676	2554
127	2997853	post	676	2554
127	3002853	post	676	2554
127	3007853	post	676	2554
127	3012854	post	676	2554
127	3017859	post	676	2554
127	3022860	post	676	2554
127	3027854	post	676	2554
127	3032860	post	676	2554
127	3037854	post	676	2554
127	3042854	post	676	2554
127	3047861	post	676	2554
127	3052854	post	676	2554
127	3057854	post	676	2554
127	3062854	post	676	2554
127	3067860	post	676	2554
127	3072861	post	676	2554
127	3077863	post	676	2554
127	3082861	post	676	2554
127	3087855	post	676	2554
127	3092863	post	676	2554
127	3097855	post	676	2554
127	3102855	post	676	2554
127	3107855	post	676	2554
127	3112855	post	676	2554
127	3117855	post	676	2554
127	3122855	post	676	2554
