127	1922966	post	683	2554
127	1928029	post	683	2554
127	1933022	post	683	2554
127	1937965	post	683	2554
127	1942965	post	683	2554
127	1947965	post	683	2554
127	1952966	post	683	2554
127	1957966	post	683	2554
127	1962967	post	683	2554
127	1967966	post	683	2554
127	1972966	post	683	2554
127	1977972	post	683	2554
127	1982966	post	683	2554
127	1987966	post	683	2554
127	1992966	post	683	2554
127	1997966	post	683	2554
127	2002967	post	683	2554
127	2007967	post	683	2554
127	2012967	post	683	2554
127	2017967	post	683	2554
127	2022967	post	683	2554
127	2027967	post	683	2554
127	2032967	post	683	2554
127	2037967	post	683	2554
127	2042967	post	683	2554
127	2047967	post	683	2554
127	2052967	post	683	2554
127	2057968	post	683	2554
127	2062968	post	683	2554
127	2067968	post	683	2554
127	2072968	post	683	2554
127	2077968	post	683	2554
127	2082968	post	683	2554
127	2087968	post	683	2554
127	2092968	post	683	2554
127	2097968	post	683	2554
127	2102968	post	683	2554
127	2107968	post	683	2554
127	2112969	post	683	2554
127	2117969	post	683	2554
127	2122969	post	683	2554
127	2127960	post	683	2554
127	2132969	post	683	2554
127	2137969	post	683	2554
127	2142960	post	683	2554
127	2147969	post	683	2554
127	2152969	post	683	2554
127	2157962	post	683	2554
127	2162969	post	683	2554
127	2167960	post	683	2554
127	2172970	post	683	2554
127	2177960	post	683	2554
127	2182960	post	683	2554
127	2187960	post	683	2554
127	2192960	post	683	2554
127	2197960	post	683	2554
127	2202960	post	683	2554
127	2207960	post	683	2554
127	2212960	post	683	2554
127	2217970	post	683	2554
127	2222960	post	683	2554
127	2227961	post	683	2554
127	2232961	post	683	2554
127	2237961	post	683	2554
127	2242961	post	683	2554
127	2247961	post	683	2554
127	2252961	post	683	2554
127	2257961	post	683	2554
127	2262961	post	683	2554
127	2267961	post	683	2554
127	2272961	post	683	2554
127	2277961	post	683	2554
127	2282961	post	683	2554
127	2287962	post	683	2554
127	2292962	post	683	2554
127	2297962	post	683	2554
127	2302962	post	683	2554
127	2307962	post	683	2554
127	2312962	post	683	2554
127	2317962	post	683	2554
127	2322962	post	683	2554
127	2327960	post	683	2554
127	2332962	post	683	2554
127	2337962	post	683	2554
127	2342962	post	683	2554
127	2347963	post	683	2554
127	2352963	post	683	2554
127	2357963	post	683	2554
127	2362963	post	683	2554
127	2367963	post	683	2554
127	2372963	post	683	2554
127	2377963	post	683	2554
127	2382963	post	683	2554
127	2387963	post	683	2554
127	2392963	post	683	2554
127	2397963	post	683	2554
127	2402964	post	683	2554
127	2407964	post	683	2554
127	2412964	post	683	2554
127	2417964	post	683	2554
127	2422964	post	683	2554
127	2427964	post	683	2554
127	2432964	post	683	2554
127	2437964	post	683	2554
127	2442960	post	683	2554
127	2447964	post	683	2554
127	2452964	post	683	2554
127	2457964	post	683	2554
127	2462965	post	683	2554
127	2467965	post	683	2554
127	2472965	post	683	2554
127	2477965	post	683	2554
127	2482965	post	683	2554
127	2487960	post	683	2554
127	2492965	post	683	2554
127	2497965	post	683	2554
127	2502965	post	683	2554
127	2507966	post	683	2554
127	2512965	post	683	2554
127	2517965	post	683	2554
127	2522966	post	683	2554
127	2527966	post	683	2554
127	2532966	post	683	2554
127	2537960	post	683	2554
127	2542966	post	683	2554
127	2547966	post	683	2554
127	2552966	post	683	2554
127	2557966	post	683	2554
127	2562960	post	683	2554
127	2567966	post	683	2554
127	2572966	post	683	2554
127	2577967	post	683	2554
127	2582967	post	683	2554
127	2587967	post	683	2554
127	2592967	post	683	2554
127	2597967	post	683	2554
127	2602967	post	683	2554
127	2607967	post	683	2554
127	2612967	post	683	2554
127	2617967	post	683	2554
127	2622960	post	683	2554
127	2627961	post	683	2554
127	2632967	post	683	2554
127	2637968	post	683	2554
127	2642968	post	683	2554
127	2647968	post	683	2554
127	2652974	post	683	2554
127	2657968	post	683	2554
127	2662968	post	683	2554
127	2667968	post	683	2554
127	2672968	post	683	2554
127	2677968	post	683	2554
127	2682968	post	683	2554
127	2687968	post	683	2554
127	2692968	post	683	2554
127	2697969	post	683	2554
127	2702969	post	683	2554
127	2707969	post	683	2554
127	2712969	post	683	2554
127	2717969	post	683	2554
127	2722969	post	683	2554
127	2727969	post	683	2554
127	2732969	post	683	2554
127	2737969	post	683	2554
127	2742969	post	683	2554
127	2747969	post	683	2554
127	2752960	post	683	2554
127	2757960	post	683	2554
127	2762960	post	683	2554
127	2767960	post	683	2554
127	2772960	post	683	2554
127	2777960	post	683	2554
127	2782960	post	683	2554
127	2787960	post	683	2554
127	2792970	post	683	2554
127	2797960	post	683	2554
127	2802960	post	683	2554
127	2807960	post	683	2554
127	2812960	post	683	2554
127	2817960	post	683	2554
127	2822960	post	683	2554
127	2827961	post	683	2554
127	2832961	post	683	2554
127	2837961	post	683	2554
127	2842961	post	683	2554
127	2847961	post	683	2554
127	2852961	post	683	2554
127	2857961	post	683	2554
127	2862961	post	683	2554
127	2867961	post	683	2554
127	2872961	post	683	2554
127	2877961	post	683	2554
127	2882961	post	683	2554
127	2887961	post	683	2554
127	2892962	post	683	2554
127	2897962	post	683	2554
127	2902962	post	683	2554
127	2907962	post	683	2554
127	2912962	post	683	2554
127	2917962	post	683	2554
127	2922962	post	683	2554
127	2927962	post	683	2554
127	2932962	post	683	2554
127	2937962	post	683	2554
127	2942962	post	683	2554
127	2947962	post	683	2554
127	2952963	post	683	2554
127	2957963	post	683	2554
127	2962963	post	683	2554
127	2967963	post	683	2554
127	2972967	post	683	2554
127	2977963	post	683	2554
127	2982963	post	683	2554
127	2987963	post	683	2554
127	2993005	post	683	2554
127	2997963	post	683	2554
127	3002963	post	683	2554
127	3007963	post	683	2554
127	3012964	post	683	2554
127	3017964	post	683	2554
127	3022964	post	683	2554
127	3027964	post	683	2554
127	3032964	post	683	2554
127	3037964	post	683	2554
127	3042964	post	683	2554
127	3047964	post	683	2554
127	3052964	post	683	2554
127	3057964	post	683	2554
127	3062964	post	683	2554
127	3067964	post	683	2554
127	3072965	post	683	2554
127	3077965	post	683	2554
127	3082965	post	683	2554
127	3087965	post	683	2554
127	3092965	post	683	2554
127	3097965	post	683	2554
127	3102965	post	683	2554
127	3107965	post	683	2554
127	3112965	post	683	2554
127	3117965	post	683	2554
127	3122965	post	683	2554
