127	1926456	post	696	1274
127	1941455	post	696	1274
127	1956467	post	696	1274
127	1963247	post	696	1274
127	1987386	post	696	1274
127	1992206	post	696	1274
127	2010236	post	696	1274
127	2023135	post	696	1274
127	2037465	post	696	1274
127	2049723	post	696	1274
127	2074317	post	696	1274
127	2104358	post	696	1274
127	2108610	post	696	1274
127	2113182	post	696	1274
127	2129272	post	696	1274
127	2143662	post	696	1274
127	2154534	post	696	1274
127	2168593	post	696	1274
127	2185333	post	696	1274
127	2198823	post	696	1274
127	2213641	post	696	1274
127	2229420	post	696	1274
127	2243614	post	696	1274
127	2258655	post	696	1274
127	2273619	post	696	1274
127	2288611	post	696	1274
127	2303631	post	696	1274
127	2318640	post	696	1274
127	2333631	post	696	1274
127	2348652	post	696	1274
127	2363649	post	696	1274
127	2378652	post	696	1274
127	2393673	post	696	1274
127	2408693	post	696	1274
127	2423684	post	696	1274
127	2438691	post	696	1274
127	2453722	post	696	1274
127	2469007	post	696	1274
127	2483698	post	696	1274
127	2498723	post	696	1274
127	2513707	post	696	1274
127	2528767	post	696	1274
127	2543725	post	696	1274
127	2558758	post	696	1274
127	2573793	post	696	1274
127	2588770	post	696	1274
127	2603760	post	696	1274
127	2618773	post	696	1274
127	2633767	post	696	1274
127	2648770	post	696	1274
127	2666445	post	696	1274
127	2680592	post	696	1274
127	2697768	post	696	1274
127	2710238	post	696	1274
127	2724777	post	696	1274
127	2740388	post	696	1274
127	2755116	post	696	1274
127	2769819	post	696	1274
127	2784924	post	696	1274
127	2799828	post	696	1274
127	2814869	post	696	1274
127	2829871	post	696	1274
127	2844859	post	696	1274
127	2859875	post	696	1274
127	2874877	post	696	1274
127	2889898	post	696	1274
127	2904901	post	696	1274
127	2919911	post	696	1274
127	2934963	post	696	1274
127	2949931	post	696	1274
127	2964943	post	696	1274
127	2979942	post	696	1274
127	2995048	post	696	1274
127	3009944	post	696	1274
127	3025060	post	696	1274
127	3040001	post	696	1274
127	3055565	post	696	1274
127	3070043	post	696	1274
127	3085311	post	696	1274
127	3100048	post	696	1274
127	3115251	post	696	1274
