127	1926452	post	698	1274
127	1941456	post	698	1274
127	1956468	post	698	1274
127	1963246	post	698	1274
127	1987387	post	698	1274
127	1992207	post	698	1274
127	2010234	post	698	1274
127	2023136	post	698	1274
127	2037465	post	698	1274
127	2049723	post	698	1274
127	2074308	post	698	1274
127	2104373	post	698	1274
127	2108613	post	698	1274
127	2113183	post	698	1274
127	2129272	post	698	1274
127	2143662	post	698	1274
127	2154535	post	698	1274
127	2168594	post	698	1274
127	2185333	post	698	1274
127	2198825	post	698	1274
127	2213642	post	698	1274
127	2229419	post	698	1274
127	2243614	post	698	1274
127	2258655	post	698	1274
127	2273621	post	698	1274
127	2288612	post	698	1274
127	2303631	post	698	1274
127	2318641	post	698	1274
127	2333632	post	698	1274
127	2348653	post	698	1274
127	2363651	post	698	1274
127	2378652	post	698	1274
127	2393675	post	698	1274
127	2408693	post	698	1274
127	2423686	post	698	1274
127	2438692	post	698	1274
127	2453723	post	698	1274
127	2469008	post	698	1274
127	2483698	post	698	1274
127	2498724	post	698	1274
127	2513708	post	698	1274
127	2528768	post	698	1274
127	2543726	post	698	1274
127	2558729	post	698	1274
127	2573763	post	698	1274
127	2588770	post	698	1274
127	2603761	post	698	1274
127	2618774	post	698	1274
127	2633768	post	698	1274
127	2648771	post	698	1274
127	2666446	post	698	1274
127	2680594	post	698	1274
127	2697769	post	698	1274
127	2710239	post	698	1274
127	2724777	post	698	1274
127	2740389	post	698	1274
127	2755117	post	698	1274
127	2769819	post	698	1274
127	2784925	post	698	1274
127	2799829	post	698	1274
127	2814870	post	698	1274
127	2829872	post	698	1274
127	2844861	post	698	1274
127	2859875	post	698	1274
127	2874876	post	698	1274
127	2889899	post	698	1274
127	2904901	post	698	1274
127	2919912	post	698	1274
127	2934964	post	698	1274
127	2949932	post	698	1274
127	2964943	post	698	1274
127	2979941	post	698	1274
127	2995049	post	698	1274
127	3009945	post	698	1274
127	3025061	post	698	1274
127	3040002	post	698	1274
127	3055566	post	698	1274
127	3070035	post	698	1274
127	3085311	post	698	1274
127	3100049	post	698	1274
127	3115252	post	698	1274
