127	1926456	post	700	1274
127	1941456	post	700	1274
127	1956466	post	700	1274
127	1963246	post	700	1274
127	1987386	post	700	1274
127	1992208	post	700	1274
127	2010234	post	700	1274
127	2023136	post	700	1274
127	2037465	post	700	1274
127	2049723	post	700	1274
127	2074308	post	700	1274
127	2104359	post	700	1274
127	2108609	post	700	1274
127	2113181	post	700	1274
127	2129272	post	700	1274
127	2143662	post	700	1274
127	2154534	post	700	1274
127	2168592	post	700	1274
127	2185333	post	700	1274
127	2198824	post	700	1274
127	2213642	post	700	1274
127	2229419	post	700	1274
127	2243613	post	700	1274
127	2258654	post	700	1274
127	2273619	post	700	1274
127	2288612	post	700	1274
127	2303631	post	700	1274
127	2318641	post	700	1274
127	2333630	post	700	1274
127	2348652	post	700	1274
127	2363650	post	700	1274
127	2378652	post	700	1274
127	2393675	post	700	1274
127	2408692	post	700	1274
127	2423685	post	700	1274
127	2438692	post	700	1274
127	2453723	post	700	1274
127	2469007	post	700	1274
127	2483697	post	700	1274
127	2498724	post	700	1274
127	2513707	post	700	1274
127	2528768	post	700	1274
127	2543724	post	700	1274
127	2558728	post	700	1274
127	2573764	post	700	1274
127	2588770	post	700	1274
127	2603760	post	700	1274
127	2618773	post	700	1274
127	2633767	post	700	1274
127	2648770	post	700	1274
127	2666446	post	700	1274
127	2680594	post	700	1274
127	2697768	post	700	1274
127	2710238	post	700	1274
127	2724778	post	700	1274
127	2740389	post	700	1274
127	2755116	post	700	1274
127	2769819	post	700	1274
127	2784925	post	700	1274
127	2799829	post	700	1274
127	2814870	post	700	1274
127	2829871	post	700	1274
127	2844860	post	700	1274
127	2859876	post	700	1274
127	2874877	post	700	1274
127	2889898	post	700	1274
127	2904902	post	700	1274
127	2919912	post	700	1274
127	2934963	post	700	1274
127	2949931	post	700	1274
127	2964943	post	700	1274
127	2979943	post	700	1274
127	2995048	post	700	1274
127	3009945	post	700	1274
127	3025061	post	700	1274
127	3040002	post	700	1274
127	3055565	post	700	1274
127	3070036	post	700	1274
127	3085311	post	700	1274
127	3100048	post	700	1274
127	3115251	post	700	1274
