127	1926455	post	701	1274
127	1941458	post	701	1274
127	1956467	post	701	1274
127	1963248	post	701	1274
127	1987387	post	701	1274
127	1992208	post	701	1274
127	2010236	post	701	1274
127	2023137	post	701	1274
127	2037466	post	701	1274
127	2049723	post	701	1274
127	2074311	post	701	1274
127	2104362	post	701	1274
127	2108612	post	701	1274
127	2113183	post	701	1274
127	2129272	post	701	1274
127	2143663	post	701	1274
127	2154535	post	701	1274
127	2168593	post	701	1274
127	2185333	post	701	1274
127	2198825	post	701	1274
127	2213643	post	701	1274
127	2229419	post	701	1274
127	2243615	post	701	1274
127	2258655	post	701	1274
127	2273622	post	701	1274
127	2288612	post	701	1274
127	2303633	post	701	1274
127	2318642	post	701	1274
127	2333632	post	701	1274
127	2348653	post	701	1274
127	2363651	post	701	1274
127	2378653	post	701	1274
127	2393675	post	701	1274
127	2408694	post	701	1274
127	2423685	post	701	1274
127	2438693	post	701	1274
127	2453726	post	701	1274
127	2469008	post	701	1274
127	2483698	post	701	1274
127	2498724	post	701	1274
127	2513708	post	701	1274
127	2528768	post	701	1274
127	2543725	post	701	1274
127	2558730	post	701	1274
127	2573765	post	701	1274
127	2588772	post	701	1274
127	2603761	post	701	1274
127	2618774	post	701	1274
127	2633768	post	701	1274
127	2648771	post	701	1274
127	2666446	post	701	1274
127	2680594	post	701	1274
127	2697770	post	701	1274
127	2710240	post	701	1274
127	2724778	post	701	1274
127	2740390	post	701	1274
127	2755117	post	701	1274
127	2769820	post	701	1274
127	2784926	post	701	1274
127	2799831	post	701	1274
127	2814871	post	701	1274
127	2829872	post	701	1274
127	2844862	post	701	1274
127	2859876	post	701	1274
127	2874876	post	701	1274
127	2889900	post	701	1274
127	2904903	post	701	1274
127	2919913	post	701	1274
127	2934963	post	701	1274
127	2949931	post	701	1274
127	2964944	post	701	1274
127	2979943	post	701	1274
127	2995049	post	701	1274
127	3009946	post	701	1274
127	3025061	post	701	1274
127	3040002	post	701	1274
127	3055566	post	701	1274
127	3070036	post	701	1274
127	3085313	post	701	1274
127	3100050	post	701	1274
127	3115253	post	701	1274
