127	1926449	post	703	1274
127	1941458	post	703	1274
127	1956468	post	703	1274
127	1963246	post	703	1274
127	1987387	post	703	1274
127	1992207	post	703	1274
127	2010233	post	703	1274
127	2023137	post	703	1274
127	2037465	post	703	1274
127	2049723	post	703	1274
127	2074308	post	703	1274
127	2104373	post	703	1274
127	2108612	post	703	1274
127	2113182	post	703	1274
127	2129272	post	703	1274
127	2143662	post	703	1274
127	2154535	post	703	1274
127	2168593	post	703	1274
127	2185333	post	703	1274
127	2198825	post	703	1274
127	2213642	post	703	1274
127	2229419	post	703	1274
127	2243614	post	703	1274
127	2258654	post	703	1274
127	2273621	post	703	1274
127	2288611	post	703	1274
127	2303631	post	703	1274
127	2318641	post	703	1274
127	2333631	post	703	1274
127	2348652	post	703	1274
127	2363651	post	703	1274
127	2378652	post	703	1274
127	2393674	post	703	1274
127	2408693	post	703	1274
127	2423687	post	703	1274
127	2438692	post	703	1274
127	2453723	post	703	1274
127	2469008	post	703	1274
127	2483698	post	703	1274
127	2498724	post	703	1274
127	2513709	post	703	1274
127	2528768	post	703	1274
127	2543725	post	703	1274
127	2558729	post	703	1274
127	2573764	post	703	1274
127	2588771	post	703	1274
127	2603760	post	703	1274
127	2618774	post	703	1274
127	2633768	post	703	1274
127	2648770	post	703	1274
127	2666446	post	703	1274
127	2680593	post	703	1274
127	2697769	post	703	1274
127	2710239	post	703	1274
127	2724778	post	703	1274
127	2740388	post	703	1274
127	2755118	post	703	1274
127	2769819	post	703	1274
127	2784925	post	703	1274
127	2799829	post	703	1274
127	2814870	post	703	1274
127	2829870	post	703	1274
127	2844860	post	703	1274
127	2859876	post	703	1274
127	2874877	post	703	1274
127	2889900	post	703	1274
127	2904902	post	703	1274
127	2919912	post	703	1274
127	2934963	post	703	1274
127	2949931	post	703	1274
127	2964944	post	703	1274
127	2979943	post	703	1274
127	2995049	post	703	1274
127	3009944	post	703	1274
127	3025061	post	703	1274
127	3040003	post	703	1274
127	3055566	post	703	1274
127	3070035	post	703	1274
127	3085311	post	703	1274
127	3100049	post	703	1274
127	3115252	post	703	1274
