127	1926449	post	704	1274
127	1941456	post	704	1274
127	1956469	post	704	1274
127	1963246	post	704	1274
127	1987388	post	704	1274
127	1992209	post	704	1274
127	2010233	post	704	1274
127	2023135	post	704	1274
127	2037464	post	704	1274
127	2049722	post	704	1274
127	2074317	post	704	1274
127	2104359	post	704	1274
127	2108610	post	704	1274
127	2113181	post	704	1274
127	2129272	post	704	1274
127	2143668	post	704	1274
127	2154535	post	704	1274
127	2168592	post	704	1274
127	2185333	post	704	1274
127	2198824	post	704	1274
127	2213643	post	704	1274
127	2229419	post	704	1274
127	2243614	post	704	1274
127	2258654	post	704	1274
127	2273620	post	704	1274
127	2288611	post	704	1274
127	2303631	post	704	1274
127	2318641	post	704	1274
127	2333631	post	704	1274
127	2348653	post	704	1274
127	2363650	post	704	1274
127	2378652	post	704	1274
127	2393674	post	704	1274
127	2408692	post	704	1274
127	2423685	post	704	1274
127	2438692	post	704	1274
127	2453722	post	704	1274
127	2469007	post	704	1274
127	2483698	post	704	1274
127	2498724	post	704	1274
127	2513707	post	704	1274
127	2528767	post	704	1274
127	2543724	post	704	1274
127	2558733	post	704	1274
127	2573764	post	704	1274
127	2588771	post	704	1274
127	2603761	post	704	1274
127	2618773	post	704	1274
127	2633768	post	704	1274
127	2648770	post	704	1274
127	2666445	post	704	1274
127	2680592	post	704	1274
127	2697768	post	704	1274
127	2710238	post	704	1274
127	2724778	post	704	1274
127	2740388	post	704	1274
127	2755117	post	704	1274
127	2769819	post	704	1274
127	2784925	post	704	1274
127	2799828	post	704	1274
127	2814871	post	704	1274
127	2829870	post	704	1274
127	2844859	post	704	1274
127	2859880	post	704	1274
127	2874876	post	704	1274
127	2889899	post	704	1274
127	2904901	post	704	1274
127	2919912	post	704	1274
127	2934963	post	704	1274
127	2949932	post	704	1274
127	2964943	post	704	1274
127	2979942	post	704	1274
127	2995049	post	704	1274
127	3009945	post	704	1274
127	3025060	post	704	1274
127	3040002	post	704	1274
127	3055565	post	704	1274
127	3070038	post	704	1274
127	3085311	post	704	1274
127	3100054	post	704	1274
127	3115251	post	704	1274
