127	1926452	post	705	1274
127	1941465	post	705	1274
127	1956475	post	705	1274
127	1963248	post	705	1274
127	1987388	post	705	1274
127	1992208	post	705	1274
127	2010236	post	705	1274
127	2023138	post	705	1274
127	2037466	post	705	1274
127	2049724	post	705	1274
127	2074309	post	705	1274
127	2104379	post	705	1274
127	2108614	post	705	1274
127	2113182	post	705	1274
127	2129273	post	705	1274
127	2143663	post	705	1274
127	2154536	post	705	1274
127	2168594	post	705	1274
127	2185334	post	705	1274
127	2198825	post	705	1274
127	2213643	post	705	1274
127	2229419	post	705	1274
127	2243614	post	705	1274
127	2258655	post	705	1274
127	2273623	post	705	1274
127	2288613	post	705	1274
127	2303633	post	705	1274
127	2318642	post	705	1274
127	2333633	post	705	1274
127	2348654	post	705	1274
127	2363651	post	705	1274
127	2378653	post	705	1274
127	2393675	post	705	1274
127	2408694	post	705	1274
127	2423686	post	705	1274
127	2438693	post	705	1274
127	2453723	post	705	1274
127	2469009	post	705	1274
127	2483699	post	705	1274
127	2498725	post	705	1274
127	2513709	post	705	1274
127	2528769	post	705	1274
127	2543724	post	705	1274
127	2558730	post	705	1274
127	2573763	post	705	1274
127	2588771	post	705	1274
127	2603761	post	705	1274
127	2618774	post	705	1274
127	2633768	post	705	1274
127	2648771	post	705	1274
127	2666446	post	705	1274
127	2680594	post	705	1274
127	2697769	post	705	1274
127	2710239	post	705	1274
127	2724779	post	705	1274
127	2740390	post	705	1274
127	2755117	post	705	1274
127	2769820	post	705	1274
127	2784926	post	705	1274
127	2799832	post	705	1274
127	2814871	post	705	1274
127	2829872	post	705	1274
127	2844861	post	705	1274
127	2859877	post	705	1274
127	2874877	post	705	1274
127	2889900	post	705	1274
127	2904902	post	705	1274
127	2919913	post	705	1274
127	2934964	post	705	1274
127	2949931	post	705	1274
127	2964944	post	705	1274
127	2979943	post	705	1274
127	2995049	post	705	1274
127	3009944	post	705	1274
127	3025061	post	705	1274
127	3040002	post	705	1274
127	3055566	post	705	1274
127	3070037	post	705	1274
127	3085313	post	705	1274
127	3100050	post	705	1274
127	3115253	post	705	1274
