127	1926453	post	706	1274
127	1941456	post	706	1274
127	1956466	post	706	1274
127	1963246	post	706	1274
127	1987386	post	706	1274
127	1992207	post	706	1274
127	2010233	post	706	1274
127	2023135	post	706	1274
127	2037464	post	706	1274
127	2049724	post	706	1274
127	2074308	post	706	1274
127	2104359	post	706	1274
127	2108610	post	706	1274
127	2113181	post	706	1274
127	2129271	post	706	1274
127	2143662	post	706	1274
127	2154534	post	706	1274
127	2168592	post	706	1274
127	2185333	post	706	1274
127	2198824	post	706	1274
127	2213642	post	706	1274
127	2229420	post	706	1274
127	2243614	post	706	1274
127	2258654	post	706	1274
127	2273620	post	706	1274
127	2288611	post	706	1274
127	2303631	post	706	1274
127	2318640	post	706	1274
127	2333631	post	706	1274
127	2348651	post	706	1274
127	2363649	post	706	1274
127	2378652	post	706	1274
127	2393674	post	706	1274
127	2408693	post	706	1274
127	2423685	post	706	1274
127	2438692	post	706	1274
127	2453723	post	706	1274
127	2469006	post	706	1274
127	2483698	post	706	1274
127	2498723	post	706	1274
127	2513707	post	706	1274
127	2528767	post	706	1274
127	2543725	post	706	1274
127	2558728	post	706	1274
127	2573762	post	706	1274
127	2588770	post	706	1274
127	2603760	post	706	1274
127	2618773	post	706	1274
127	2633767	post	706	1274
127	2648769	post	706	1274
127	2666446	post	706	1274
127	2680594	post	706	1274
127	2697768	post	706	1274
127	2710238	post	706	1274
127	2724778	post	706	1274
127	2740389	post	706	1274
127	2755117	post	706	1274
127	2769819	post	706	1274
127	2784924	post	706	1274
127	2799828	post	706	1274
127	2814870	post	706	1274
127	2829870	post	706	1274
127	2844860	post	706	1274
127	2859875	post	706	1274
127	2874877	post	706	1274
127	2889899	post	706	1274
127	2904901	post	706	1274
127	2919912	post	706	1274
127	2934962	post	706	1274
127	2949930	post	706	1274
127	2964943	post	706	1274
127	2979942	post	706	1274
127	2995049	post	706	1274
127	3009944	post	706	1274
127	3025060	post	706	1274
127	3040002	post	706	1274
127	3055566	post	706	1274
127	3070036	post	706	1274
127	3085311	post	706	1274
127	3100049	post	706	1274
127	3115252	post	706	1274
