127	1926455	post	707	1274
127	1941455	post	707	1274
127	1956466	post	707	1274
127	1963245	post	707	1274
127	1987389	post	707	1274
127	1992207	post	707	1274
127	2010238	post	707	1274
127	2023135	post	707	1274
127	2037466	post	707	1274
127	2049723	post	707	1274
127	2074316	post	707	1274
127	2104365	post	707	1274
127	2108609	post	707	1274
127	2113181	post	707	1274
127	2129280	post	707	1274
127	2143662	post	707	1274
127	2154534	post	707	1274
127	2168592	post	707	1274
127	2185332	post	707	1274
127	2198823	post	707	1274
127	2213642	post	707	1274
127	2229419	post	707	1274
127	2243613	post	707	1274
127	2258655	post	707	1274
127	2273620	post	707	1274
127	2288611	post	707	1274
127	2303632	post	707	1274
127	2318644	post	707	1274
127	2333631	post	707	1274
127	2348652	post	707	1274
127	2363650	post	707	1274
127	2378652	post	707	1274
127	2393675	post	707	1274
127	2408692	post	707	1274
127	2423685	post	707	1274
127	2438692	post	707	1274
127	2453726	post	707	1274
127	2469008	post	707	1274
127	2483698	post	707	1274
127	2498723	post	707	1274
127	2513707	post	707	1274
127	2528767	post	707	1274
127	2543724	post	707	1274
127	2558729	post	707	1274
127	2573764	post	707	1274
127	2588771	post	707	1274
127	2603760	post	707	1274
127	2618773	post	707	1274
127	2633768	post	707	1274
127	2648770	post	707	1274
127	2666446	post	707	1274
127	2680599	post	707	1274
127	2697768	post	707	1274
127	2710239	post	707	1274
127	2724778	post	707	1274
127	2740388	post	707	1274
127	2755116	post	707	1274
127	2769819	post	707	1274
127	2784925	post	707	1274
127	2799828	post	707	1274
127	2814870	post	707	1274
127	2829871	post	707	1274
127	2844859	post	707	1274
127	2859876	post	707	1274
127	2874876	post	707	1274
127	2889899	post	707	1274
127	2904902	post	707	1274
127	2919911	post	707	1274
127	2934963	post	707	1274
127	2949932	post	707	1274
127	2964943	post	707	1274
127	2979942	post	707	1274
127	2995049	post	707	1274
127	3009945	post	707	1274
127	3025060	post	707	1274
127	3040002	post	707	1274
127	3055566	post	707	1274
127	3070038	post	707	1274
127	3085312	post	707	1274
127	3100049	post	707	1274
127	3115251	post	707	1274
