127	1926454	post	708	1274
127	1941456	post	708	1274
127	1956466	post	708	1274
127	1963246	post	708	1274
127	1987386	post	708	1274
127	1992207	post	708	1274
127	2010233	post	708	1274
127	2023136	post	708	1274
127	2037465	post	708	1274
127	2049723	post	708	1274
127	2074308	post	708	1274
127	2104358	post	708	1274
127	2108610	post	708	1274
127	2113181	post	708	1274
127	2129271	post	708	1274
127	2143662	post	708	1274
127	2154535	post	708	1274
127	2168593	post	708	1274
127	2185333	post	708	1274
127	2198823	post	708	1274
127	2213642	post	708	1274
127	2229419	post	708	1274
127	2243615	post	708	1274
127	2258654	post	708	1274
127	2273620	post	708	1274
127	2288612	post	708	1274
127	2303632	post	708	1274
127	2318641	post	708	1274
127	2333631	post	708	1274
127	2348652	post	708	1274
127	2363650	post	708	1274
127	2378652	post	708	1274
127	2393674	post	708	1274
127	2408692	post	708	1274
127	2423685	post	708	1274
127	2438692	post	708	1274
127	2453722	post	708	1274
127	2469007	post	708	1274
127	2483698	post	708	1274
127	2498724	post	708	1274
127	2513707	post	708	1274
127	2528767	post	708	1274
127	2543725	post	708	1274
127	2558728	post	708	1274
127	2573763	post	708	1274
127	2588770	post	708	1274
127	2603760	post	708	1274
127	2618773	post	708	1274
127	2633767	post	708	1274
127	2648770	post	708	1274
127	2666446	post	708	1274
127	2680594	post	708	1274
127	2697768	post	708	1274
127	2710239	post	708	1274
127	2724778	post	708	1274
127	2740389	post	708	1274
127	2755117	post	708	1274
127	2769819	post	708	1274
127	2784925	post	708	1274
127	2799828	post	708	1274
127	2814870	post	708	1274
127	2829871	post	708	1274
127	2844860	post	708	1274
127	2859875	post	708	1274
127	2874876	post	708	1274
127	2889899	post	708	1274
127	2904902	post	708	1274
127	2919912	post	708	1274
127	2934963	post	708	1274
127	2949931	post	708	1274
127	2964943	post	708	1274
127	2979943	post	708	1274
127	2995048	post	708	1274
127	3009945	post	708	1274
127	3025060	post	708	1274
127	3040002	post	708	1274
127	3055565	post	708	1274
127	3070037	post	708	1274
127	3085311	post	708	1274
127	3100049	post	708	1274
127	3115252	post	708	1274
