127	1926451	post	709	1274
127	1941456	post	709	1274
127	1956466	post	709	1274
127	1963245	post	709	1274
127	1987386	post	709	1274
127	1992207	post	709	1274
127	2010236	post	709	1274
127	2023135	post	709	1274
127	2037464	post	709	1274
127	2049723	post	709	1274
127	2074317	post	709	1274
127	2104358	post	709	1274
127	2108610	post	709	1274
127	2113181	post	709	1274
127	2129272	post	709	1274
127	2143663	post	709	1274
127	2154534	post	709	1274
127	2168592	post	709	1274
127	2185332	post	709	1274
127	2198824	post	709	1274
127	2213642	post	709	1274
127	2229420	post	709	1274
127	2243613	post	709	1274
127	2258654	post	709	1274
127	2273621	post	709	1274
127	2288612	post	709	1274
127	2303631	post	709	1274
127	2318640	post	709	1274
127	2333631	post	709	1274
127	2348654	post	709	1274
127	2363650	post	709	1274
127	2378652	post	709	1274
127	2393674	post	709	1274
127	2408692	post	709	1274
127	2423684	post	709	1274
127	2438692	post	709	1274
127	2453722	post	709	1274
127	2469007	post	709	1274
127	2483698	post	709	1274
127	2498723	post	709	1274
127	2513706	post	709	1274
127	2528767	post	709	1274
127	2543725	post	709	1274
127	2558758	post	709	1274
127	2573793	post	709	1274
127	2588770	post	709	1274
127	2603760	post	709	1274
127	2618773	post	709	1274
127	2633767	post	709	1274
127	2648769	post	709	1274
127	2666445	post	709	1274
127	2680592	post	709	1274
127	2697768	post	709	1274
127	2710238	post	709	1274
127	2724778	post	709	1274
127	2740388	post	709	1274
127	2755116	post	709	1274
127	2769819	post	709	1274
127	2784924	post	709	1274
127	2799828	post	709	1274
127	2814869	post	709	1274
127	2829871	post	709	1274
127	2844861	post	709	1274
127	2859875	post	709	1274
127	2874876	post	709	1274
127	2889899	post	709	1274
127	2904902	post	709	1274
127	2919912	post	709	1274
127	2934963	post	709	1274
127	2949930	post	709	1274
127	2964943	post	709	1274
127	2979942	post	709	1274
127	2995048	post	709	1274
127	3009944	post	709	1274
127	3025060	post	709	1274
127	3040001	post	709	1274
127	3055565	post	709	1274
127	3070043	post	709	1274
127	3085311	post	709	1274
127	3100048	post	709	1274
127	3115252	post	709	1274
