127	1926450	post	710	1274
127	1941465	post	710	1274
127	1956471	post	710	1274
127	1963248	post	710	1274
127	1987388	post	710	1274
127	1992209	post	710	1274
127	2010235	post	710	1274
127	2023138	post	710	1274
127	2037467	post	710	1274
127	2049724	post	710	1274
127	2074311	post	710	1274
127	2104365	post	710	1274
127	2108614	post	710	1274
127	2113183	post	710	1274
127	2129274	post	710	1274
127	2143662	post	710	1274
127	2154536	post	710	1274
127	2168594	post	710	1274
127	2185334	post	710	1274
127	2198823	post	710	1274
127	2213643	post	710	1274
127	2229420	post	710	1274
127	2243615	post	710	1274
127	2258656	post	710	1274
127	2273624	post	710	1274
127	2288613	post	710	1274
127	2303632	post	710	1274
127	2318642	post	710	1274
127	2333634	post	710	1274
127	2348652	post	710	1274
127	2363651	post	710	1274
127	2378653	post	710	1274
127	2393675	post	710	1274
127	2408693	post	710	1274
127	2423687	post	710	1274
127	2438693	post	710	1274
127	2453726	post	710	1274
127	2469008	post	710	1274
127	2483699	post	710	1274
127	2498723	post	710	1274
127	2513708	post	710	1274
127	2528768	post	710	1274
127	2543725	post	710	1274
127	2558730	post	710	1274
127	2573765	post	710	1274
127	2588772	post	710	1274
127	2603762	post	710	1274
127	2618774	post	710	1274
127	2633769	post	710	1274
127	2648771	post	710	1274
127	2666447	post	710	1274
127	2680593	post	710	1274
127	2697770	post	710	1274
127	2710240	post	710	1274
127	2724779	post	710	1274
127	2740389	post	710	1274
127	2755118	post	710	1274
127	2769820	post	710	1274
127	2784926	post	710	1274
127	2799832	post	710	1274
127	2814871	post	710	1274
127	2829871	post	710	1274
127	2844862	post	710	1274
127	2859875	post	710	1274
127	2874877	post	710	1274
127	2889901	post	710	1274
127	2904903	post	710	1274
127	2919913	post	710	1274
127	2934964	post	710	1274
127	2949933	post	710	1274
127	2964944	post	710	1274
127	2979944	post	710	1274
127	2995053	post	710	1274
127	3009946	post	710	1274
127	3025061	post	710	1274
127	3040003	post	710	1274
127	3055567	post	710	1274
127	3070038	post	710	1274
127	3085313	post	710	1274
127	3100050	post	710	1274
127	3115255	post	710	1274
