127	1930094	post	728	1274
127	1941874	post	728	1274
127	1956808	post	728	1274
127	1974279	post	728	1274
127	1986859	post	728	1274
127	2002162	post	728	1274
127	2017020	post	728	1274
127	2035416	post	728	1274
127	2055680	post	728	1274
127	2070854	post	728	1274
127	2087728	post	728	1274
127	2108074	post	728	1274
127	2128175	post	728	1274
127	2158670	post	728	1274
127	2173680	post	728	1274
127	2182492	post	728	1274
127	2198029	post	728	1274
127	2213683	post	728	1274
127	2228199	post	728	1274
127	2243111	post	728	1274
127	2258077	post	728	1274
127	2273101	post	728	1274
127	2288123	post	728	1274
127	2303143	post	728	1274
127	2318161	post	728	1274
127	2333177	post	728	1274
127	2348175	post	728	1274
127	2363198	post	728	1274
127	2378199	post	728	1274
127	2393200	post	728	1274
127	2408209	post	728	1274
127	2423223	post	728	1274
127	2438232	post	728	1274
127	2453272	post	728	1274
127	2468250	post	728	1274
127	2483260	post	728	1274
127	2498267	post	728	1274
127	2513280	post	728	1274
127	2528286	post	728	1274
127	2543297	post	728	1274
127	2558303	post	728	1274
127	2573319	post	728	1274
127	2588323	post	728	1274
127	2603329	post	728	1274
127	2618360	post	728	1274
127	2633371	post	728	1274
127	2648382	post	728	1274
127	2664448	post	728	1274
127	2678629	post	728	1274
127	2693745	post	728	1274
127	2708275	post	728	1274
127	2723286	post	728	1274
127	2738284	post	728	1274
127	2753379	post	728	1274
127	2768418	post	728	1274
127	2783529	post	728	1274
127	2798359	post	728	1274
127	2813362	post	728	1274
127	2828366	post	728	1274
127	2843393	post	728	1274
127	2858980	post	728	1274
127	2873871	post	728	1274
127	2888890	post	728	1274
127	2903924	post	728	1274
127	2919153	post	728	1274
127	2934273	post	728	1274
127	2948970	post	728	1274
127	2963948	post	728	1274
127	2979106	post	728	1274
127	2994015	post	728	1274
127	3009024	post	728	1274
127	3024014	post	728	1274
127	3039004	post	728	1274
127	3055716	post	728	1274
127	3069238	post	728	1274
127	3084040	post	728	1274
127	3099057	post	728	1274
127	3114119	post	728	1274
