127	1930102	post	730	1274
127	1941882	post	730	1274
127	1956810	post	730	1274
127	1974280	post	730	1274
127	1986861	post	730	1274
127	2002164	post	730	1274
127	2017021	post	730	1274
127	2035417	post	730	1274
127	2055689	post	730	1274
127	2070854	post	730	1274
127	2087729	post	730	1274
127	2108074	post	730	1274
127	2128176	post	730	1274
127	2158672	post	730	1274
127	2173682	post	730	1274
127	2182493	post	730	1274
127	2198031	post	730	1274
127	2213684	post	730	1274
127	2228199	post	730	1274
127	2243112	post	730	1274
127	2258079	post	730	1274
127	2273103	post	730	1274
127	2288123	post	730	1274
127	2303144	post	730	1274
127	2318152	post	730	1274
127	2333177	post	730	1274
127	2348177	post	730	1274
127	2363199	post	730	1274
127	2378199	post	730	1274
127	2393202	post	730	1274
127	2408210	post	730	1274
127	2423224	post	730	1274
127	2438235	post	730	1274
127	2453272	post	730	1274
127	2468251	post	730	1274
127	2483262	post	730	1274
127	2498268	post	730	1274
127	2513281	post	730	1274
127	2528288	post	730	1274
127	2543298	post	730	1274
127	2558305	post	730	1274
127	2573322	post	730	1274
127	2588324	post	730	1274
127	2603331	post	730	1274
127	2618361	post	730	1274
127	2633372	post	730	1274
127	2648384	post	730	1274
127	2664449	post	730	1274
127	2678630	post	730	1274
127	2693746	post	730	1274
127	2708276	post	730	1274
127	2723286	post	730	1274
127	2738285	post	730	1274
127	2753381	post	730	1274
127	2768418	post	730	1274
127	2783531	post	730	1274
127	2798361	post	730	1274
127	2813364	post	730	1274
127	2828367	post	730	1274
127	2843395	post	730	1274
127	2858982	post	730	1274
127	2873873	post	730	1274
127	2888891	post	730	1274
127	2903926	post	730	1274
127	2919154	post	730	1274
127	2934274	post	730	1274
127	2948972	post	730	1274
127	2963951	post	730	1274
127	2979111	post	730	1274
127	2994017	post	730	1274
127	3009025	post	730	1274
127	3024015	post	730	1274
127	3039006	post	730	1274
127	3055718	post	730	1274
127	3069238	post	730	1274
127	3084043	post	730	1274
127	3099058	post	730	1274
127	3114121	post	730	1274
