127	1930096	post	732	1274
127	1941875	post	732	1274
127	1956810	post	732	1274
127	1974280	post	732	1274
127	1986861	post	732	1274
127	2002163	post	732	1274
127	2017021	post	732	1274
127	2035416	post	732	1274
127	2055689	post	732	1274
127	2070855	post	732	1274
127	2087729	post	732	1274
127	2108073	post	732	1274
127	2128177	post	732	1274
127	2158671	post	732	1274
127	2173682	post	732	1274
127	2182492	post	732	1274
127	2198032	post	732	1274
127	2213684	post	732	1274
127	2228198	post	732	1274
127	2243113	post	732	1274
127	2258078	post	732	1274
127	2273103	post	732	1274
127	2288122	post	732	1274
127	2303143	post	732	1274
127	2318153	post	732	1274
127	2333176	post	732	1274
127	2348176	post	732	1274
127	2363199	post	732	1274
127	2378198	post	732	1274
127	2393202	post	732	1274
127	2408211	post	732	1274
127	2423222	post	732	1274
127	2438234	post	732	1274
127	2453272	post	732	1274
127	2468251	post	732	1274
127	2483261	post	732	1274
127	2498268	post	732	1274
127	2513279	post	732	1274
127	2528287	post	732	1274
127	2543298	post	732	1274
127	2558304	post	732	1274
127	2573321	post	732	1274
127	2588325	post	732	1274
127	2603331	post	732	1274
127	2618362	post	732	1274
127	2633372	post	732	1274
127	2648384	post	732	1274
127	2664449	post	732	1274
127	2678630	post	732	1274
127	2693746	post	732	1274
127	2708276	post	732	1274
127	2723287	post	732	1274
127	2738283	post	732	1274
127	2753379	post	732	1274
127	2768420	post	732	1274
127	2783530	post	732	1274
127	2798361	post	732	1274
127	2813363	post	732	1274
127	2828367	post	732	1274
127	2843395	post	732	1274
127	2858982	post	732	1274
127	2873873	post	732	1274
127	2888891	post	732	1274
127	2903926	post	732	1274
127	2919153	post	732	1274
127	2934273	post	732	1274
127	2948971	post	732	1274
127	2963950	post	732	1274
127	2979110	post	732	1274
127	2994017	post	732	1274
127	3009025	post	732	1274
127	3024016	post	732	1274
127	3039006	post	732	1274
127	3055717	post	732	1274
127	3069236	post	732	1274
127	3084042	post	732	1274
127	3099059	post	732	1274
127	3114121	post	732	1274
