127	1930099	post	733	1274
127	1941880	post	733	1274
127	1956810	post	733	1274
127	1974282	post	733	1274
127	1986861	post	733	1274
127	2002164	post	733	1274
127	2017022	post	733	1274
127	2035417	post	733	1274
127	2055690	post	733	1274
127	2070855	post	733	1274
127	2087729	post	733	1274
127	2108074	post	733	1274
127	2128176	post	733	1274
127	2158671	post	733	1274
127	2173681	post	733	1274
127	2182494	post	733	1274
127	2198031	post	733	1274
127	2213685	post	733	1274
127	2228200	post	733	1274
127	2243112	post	733	1274
127	2258078	post	733	1274
127	2273103	post	733	1274
127	2288124	post	733	1274
127	2303144	post	733	1274
127	2318153	post	733	1274
127	2333178	post	733	1274
127	2348177	post	733	1274
127	2363200	post	733	1274
127	2378200	post	733	1274
127	2393202	post	733	1274
127	2408210	post	733	1274
127	2423223	post	733	1274
127	2438234	post	733	1274
127	2453271	post	733	1274
127	2468252	post	733	1274
127	2483261	post	733	1274
127	2498269	post	733	1274
127	2513280	post	733	1274
127	2528287	post	733	1274
127	2543298	post	733	1274
127	2558306	post	733	1274
127	2573321	post	733	1274
127	2588324	post	733	1274
127	2603331	post	733	1274
127	2618361	post	733	1274
127	2633372	post	733	1274
127	2648384	post	733	1274
127	2664450	post	733	1274
127	2678632	post	733	1274
127	2693746	post	733	1274
127	2708276	post	733	1274
127	2723289	post	733	1274
127	2738285	post	733	1274
127	2753381	post	733	1274
127	2768419	post	733	1274
127	2783529	post	733	1274
127	2798360	post	733	1274
127	2813363	post	733	1274
127	2828367	post	733	1274
127	2843395	post	733	1274
127	2858982	post	733	1274
127	2873873	post	733	1274
127	2888892	post	733	1274
127	2903926	post	733	1274
127	2919153	post	733	1274
127	2934275	post	733	1274
127	2948971	post	733	1274
127	2963950	post	733	1274
127	2979112	post	733	1274
127	2994017	post	733	1274
127	3009026	post	733	1274
127	3024016	post	733	1274
127	3039007	post	733	1274
127	3055718	post	733	1274
127	3069238	post	733	1274
127	3084042	post	733	1274
127	3099058	post	733	1274
127	3114121	post	733	1274
