127	1930099	post	734	1274
127	1941882	post	734	1274
127	1956810	post	734	1274
127	1974278	post	734	1274
127	1986861	post	734	1274
127	2002164	post	734	1274
127	2017021	post	734	1274
127	2035418	post	734	1274
127	2055690	post	734	1274
127	2070855	post	734	1274
127	2087729	post	734	1274
127	2108075	post	734	1274
127	2128176	post	734	1274
127	2158674	post	734	1274
127	2173682	post	734	1274
127	2182493	post	734	1274
127	2198031	post	734	1274
127	2213684	post	734	1274
127	2228200	post	734	1274
127	2243113	post	734	1274
127	2258078	post	734	1274
127	2273104	post	734	1274
127	2288124	post	734	1274
127	2303144	post	734	1274
127	2318151	post	734	1274
127	2333178	post	734	1274
127	2348176	post	734	1274
127	2363200	post	734	1274
127	2378198	post	734	1274
127	2393201	post	734	1274
127	2408210	post	734	1274
127	2423224	post	734	1274
127	2438234	post	734	1274
127	2453271	post	734	1274
127	2468251	post	734	1274
127	2483261	post	734	1274
127	2498268	post	734	1274
127	2513279	post	734	1274
127	2528288	post	734	1274
127	2543297	post	734	1274
127	2558305	post	734	1274
127	2573320	post	734	1274
127	2588324	post	734	1274
127	2603331	post	734	1274
127	2618361	post	734	1274
127	2633372	post	734	1274
127	2648383	post	734	1274
127	2664450	post	734	1274
127	2678632	post	734	1274
127	2693747	post	734	1274
127	2708279	post	734	1274
127	2723288	post	734	1274
127	2738285	post	734	1274
127	2753380	post	734	1274
127	2768419	post	734	1274
127	2783532	post	734	1274
127	2798359	post	734	1274
127	2813365	post	734	1274
127	2828367	post	734	1274
127	2843394	post	734	1274
127	2858982	post	734	1274
127	2873873	post	734	1274
127	2888892	post	734	1274
127	2903925	post	734	1274
127	2919154	post	734	1274
127	2934275	post	734	1274
127	2948973	post	734	1274
127	2963950	post	734	1274
127	2979111	post	734	1274
127	2994016	post	734	1274
127	3009027	post	734	1274
127	3024016	post	734	1274
127	3039007	post	734	1274
127	3055717	post	734	1274
127	3069237	post	734	1274
127	3084042	post	734	1274
127	3099057	post	734	1274
127	3114120	post	734	1274
