127	1930098	post	735	1274
127	1941880	post	735	1274
127	1956810	post	735	1274
127	1974283	post	735	1274
127	1986860	post	735	1274
127	2002163	post	735	1274
127	2017020	post	735	1274
127	2035416	post	735	1274
127	2055691	post	735	1274
127	2070854	post	735	1274
127	2087728	post	735	1274
127	2108074	post	735	1274
127	2128176	post	735	1274
127	2158669	post	735	1274
127	2173680	post	735	1274
127	2182493	post	735	1274
127	2198031	post	735	1274
127	2213684	post	735	1274
127	2228200	post	735	1274
127	2243112	post	735	1274
127	2258078	post	735	1274
127	2273102	post	735	1274
127	2288123	post	735	1274
127	2303143	post	735	1274
127	2318152	post	735	1274
127	2333177	post	735	1274
127	2348176	post	735	1274
127	2363199	post	735	1274
127	2378199	post	735	1274
127	2393201	post	735	1274
127	2408210	post	735	1274
127	2423223	post	735	1274
127	2438234	post	735	1274
127	2453271	post	735	1274
127	2468252	post	735	1274
127	2483261	post	735	1274
127	2498268	post	735	1274
127	2513281	post	735	1274
127	2528287	post	735	1274
127	2543299	post	735	1274
127	2558304	post	735	1274
127	2573320	post	735	1274
127	2588324	post	735	1274
127	2603330	post	735	1274
127	2618361	post	735	1274
127	2633371	post	735	1274
127	2648383	post	735	1274
127	2664449	post	735	1274
127	2678630	post	735	1274
127	2693746	post	735	1274
127	2708276	post	735	1274
127	2723287	post	735	1274
127	2738285	post	735	1274
127	2753380	post	735	1274
127	2768419	post	735	1274
127	2783530	post	735	1274
127	2798360	post	735	1274
127	2813363	post	735	1274
127	2828366	post	735	1274
127	2843394	post	735	1274
127	2858980	post	735	1274
127	2873872	post	735	1274
127	2888892	post	735	1274
127	2903925	post	735	1274
127	2919154	post	735	1274
127	2934274	post	735	1274
127	2948971	post	735	1274
127	2963950	post	735	1274
127	2979106	post	735	1274
127	2994016	post	735	1274
127	3009025	post	735	1274
127	3024015	post	735	1274
127	3039005	post	735	1274
127	3055717	post	735	1274
127	3069237	post	735	1274
127	3084042	post	735	1274
127	3099058	post	735	1274
127	3114119	post	735	1274
