127	1930091	post	736	1274
127	1941879	post	736	1274
127	1956809	post	736	1274
127	1974279	post	736	1274
127	1986860	post	736	1274
127	2002163	post	736	1274
127	2017020	post	736	1274
127	2035416	post	736	1274
127	2055689	post	736	1274
127	2070853	post	736	1274
127	2087728	post	736	1274
127	2108073	post	736	1274
127	2128176	post	736	1274
127	2158670	post	736	1274
127	2173680	post	736	1274
127	2182490	post	736	1274
127	2198030	post	736	1274
127	2213684	post	736	1274
127	2228200	post	736	1274
127	2243111	post	736	1274
127	2258077	post	736	1274
127	2273102	post	736	1274
127	2288123	post	736	1274
127	2303145	post	736	1274
127	2318151	post	736	1274
127	2333176	post	736	1274
127	2348176	post	736	1274
127	2363199	post	736	1274
127	2378198	post	736	1274
127	2393201	post	736	1274
127	2408210	post	736	1274
127	2423223	post	736	1274
127	2438233	post	736	1274
127	2453271	post	736	1274
127	2468250	post	736	1274
127	2483260	post	736	1274
127	2498268	post	736	1274
127	2513280	post	736	1274
127	2528287	post	736	1274
127	2543298	post	736	1274
127	2558304	post	736	1274
127	2573320	post	736	1274
127	2588323	post	736	1274
127	2603330	post	736	1274
127	2618361	post	736	1274
127	2633372	post	736	1274
127	2648383	post	736	1274
127	2664449	post	736	1274
127	2678630	post	736	1274
127	2693745	post	736	1274
127	2708276	post	736	1274
127	2723286	post	736	1274
127	2738284	post	736	1274
127	2753380	post	736	1274
127	2768418	post	736	1274
127	2783529	post	736	1274
127	2798360	post	736	1274
127	2813363	post	736	1274
127	2828366	post	736	1274
127	2843394	post	736	1274
127	2858980	post	736	1274
127	2873872	post	736	1274
127	2888891	post	736	1274
127	2903925	post	736	1274
127	2919152	post	736	1274
127	2934274	post	736	1274
127	2948972	post	736	1274
127	2963949	post	736	1274
127	2979106	post	736	1274
127	2994016	post	736	1274
127	3009024	post	736	1274
127	3024015	post	736	1274
127	3039004	post	736	1274
127	3055716	post	736	1274
127	3069236	post	736	1274
127	3084041	post	736	1274
127	3099057	post	736	1274
127	3114120	post	736	1274
