127	1930098	post	737	1274
127	1941882	post	737	1274
127	1956813	post	737	1274
127	1974280	post	737	1274
127	1986861	post	737	1274
127	2002164	post	737	1274
127	2017020	post	737	1274
127	2035417	post	737	1274
127	2055689	post	737	1274
127	2070854	post	737	1274
127	2087728	post	737	1274
127	2108075	post	737	1274
127	2128175	post	737	1274
127	2158674	post	737	1274
127	2173681	post	737	1274
127	2182492	post	737	1274
127	2198031	post	737	1274
127	2213684	post	737	1274
127	2228200	post	737	1274
127	2243112	post	737	1274
127	2258079	post	737	1274
127	2273102	post	737	1274
127	2288124	post	737	1274
127	2303143	post	737	1274
127	2318153	post	737	1274
127	2333178	post	737	1274
127	2348177	post	737	1274
127	2363200	post	737	1274
127	2378199	post	737	1274
127	2393202	post	737	1274
127	2408211	post	737	1274
127	2423224	post	737	1274
127	2438235	post	737	1274
127	2453272	post	737	1274
127	2468251	post	737	1274
127	2483261	post	737	1274
127	2498269	post	737	1274
127	2513281	post	737	1274
127	2528288	post	737	1274
127	2543298	post	737	1274
127	2558304	post	737	1274
127	2573320	post	737	1274
127	2588325	post	737	1274
127	2603331	post	737	1274
127	2618362	post	737	1274
127	2633372	post	737	1274
127	2648384	post	737	1274
127	2664449	post	737	1274
127	2678631	post	737	1274
127	2693747	post	737	1274
127	2708276	post	737	1274
127	2723289	post	737	1274
127	2738285	post	737	1274
127	2753381	post	737	1274
127	2768419	post	737	1274
127	2783531	post	737	1274
127	2798360	post	737	1274
127	2813364	post	737	1274
127	2828367	post	737	1274
127	2843394	post	737	1274
127	2858982	post	737	1274
127	2873873	post	737	1274
127	2888892	post	737	1274
127	2903926	post	737	1274
127	2919154	post	737	1274
127	2934276	post	737	1274
127	2948971	post	737	1274
127	2963951	post	737	1274
127	2979111	post	737	1274
127	2994017	post	737	1274
127	3009025	post	737	1274
127	3024016	post	737	1274
127	3039005	post	737	1274
127	3055718	post	737	1274
127	3069238	post	737	1274
127	3084042	post	737	1274
127	3099058	post	737	1274
127	3114121	post	737	1274
