127	1930099	post	738	1274
127	1941882	post	738	1274
127	1956809	post	738	1274
127	1974279	post	738	1274
127	1986860	post	738	1274
127	2002163	post	738	1274
127	2017022	post	738	1274
127	2035416	post	738	1274
127	2055689	post	738	1274
127	2070854	post	738	1274
127	2087727	post	738	1274
127	2108073	post	738	1274
127	2128174	post	738	1274
127	2158671	post	738	1274
127	2173680	post	738	1274
127	2182491	post	738	1274
127	2198031	post	738	1274
127	2213684	post	738	1274
127	2228199	post	738	1274
127	2243112	post	738	1274
127	2258078	post	738	1274
127	2273102	post	738	1274
127	2288124	post	738	1274
127	2303143	post	738	1274
127	2318151	post	738	1274
127	2333177	post	738	1274
127	2348175	post	738	1274
127	2363199	post	738	1274
127	2378199	post	738	1274
127	2393200	post	738	1274
127	2408209	post	738	1274
127	2423223	post	738	1274
127	2438234	post	738	1274
127	2453277	post	738	1274
127	2468250	post	738	1274
127	2483260	post	738	1274
127	2498268	post	738	1274
127	2513280	post	738	1274
127	2528286	post	738	1274
127	2543298	post	738	1274
127	2558304	post	738	1274
127	2573320	post	738	1274
127	2588324	post	738	1274
127	2603330	post	738	1274
127	2618361	post	738	1274
127	2633371	post	738	1274
127	2648383	post	738	1274
127	2664449	post	738	1274
127	2678636	post	738	1274
127	2693746	post	738	1274
127	2708276	post	738	1274
127	2723286	post	738	1274
127	2738284	post	738	1274
127	2753380	post	738	1274
127	2768419	post	738	1274
127	2783528	post	738	1274
127	2798360	post	738	1274
127	2813363	post	738	1274
127	2828366	post	738	1274
127	2843394	post	738	1274
127	2858982	post	738	1274
127	2873872	post	738	1274
127	2888890	post	738	1274
127	2903925	post	738	1274
127	2919152	post	738	1274
127	2934274	post	738	1274
127	2948970	post	738	1274
127	2963949	post	738	1274
127	2979106	post	738	1274
127	2994016	post	738	1274
127	3009025	post	738	1274
127	3024014	post	738	1274
127	3039005	post	738	1274
127	3055716	post	738	1274
127	3069237	post	738	1274
127	3084047	post	738	1274
127	3099059	post	738	1274
127	3114120	post	738	1274
