127	1930101	post	739	1274
127	1941882	post	739	1274
127	1956813	post	739	1274
127	1974280	post	739	1274
127	1986862	post	739	1274
127	2002163	post	739	1274
127	2017021	post	739	1274
127	2035417	post	739	1274
127	2055689	post	739	1274
127	2070855	post	739	1274
127	2087729	post	739	1274
127	2108075	post	739	1274
127	2128175	post	739	1274
127	2158674	post	739	1274
127	2173681	post	739	1274
127	2182495	post	739	1274
127	2198031	post	739	1274
127	2213685	post	739	1274
127	2228200	post	739	1274
127	2243112	post	739	1274
127	2258079	post	739	1274
127	2273103	post	739	1274
127	2288124	post	739	1274
127	2303144	post	739	1274
127	2318152	post	739	1274
127	2333179	post	739	1274
127	2348176	post	739	1274
127	2363200	post	739	1274
127	2378200	post	739	1274
127	2393202	post	739	1274
127	2408210	post	739	1274
127	2423224	post	739	1274
127	2438234	post	739	1274
127	2453271	post	739	1274
127	2468252	post	739	1274
127	2483262	post	739	1274
127	2498269	post	739	1274
127	2513281	post	739	1274
127	2528288	post	739	1274
127	2543298	post	739	1274
127	2558305	post	739	1274
127	2573322	post	739	1274
127	2588324	post	739	1274
127	2603330	post	739	1274
127	2618362	post	739	1274
127	2633372	post	739	1274
127	2648384	post	739	1274
127	2664450	post	739	1274
127	2678631	post	739	1274
127	2693746	post	739	1274
127	2708277	post	739	1274
127	2723289	post	739	1274
127	2738285	post	739	1274
127	2753381	post	739	1274
127	2768420	post	739	1274
127	2783531	post	739	1274
127	2798360	post	739	1274
127	2813363	post	739	1274
127	2828367	post	739	1274
127	2843395	post	739	1274
127	2858982	post	739	1274
127	2873873	post	739	1274
127	2888892	post	739	1274
127	2903926	post	739	1274
127	2919154	post	739	1274
127	2934276	post	739	1274
127	2948972	post	739	1274
127	2963950	post	739	1274
127	2979112	post	739	1274
127	2994017	post	739	1274
127	3009025	post	739	1274
127	3024015	post	739	1274
127	3039006	post	739	1274
127	3055717	post	739	1274
127	3069238	post	739	1274
127	3084041	post	739	1274
127	3099058	post	739	1274
127	3114121	post	739	1274
