127	1930092	post	740	1274
127	1941882	post	740	1274
127	1956809	post	740	1274
127	1974283	post	740	1274
127	1986860	post	740	1274
127	2002163	post	740	1274
127	2017021	post	740	1274
127	2035415	post	740	1274
127	2055689	post	740	1274
127	2070854	post	740	1274
127	2087729	post	740	1274
127	2108074	post	740	1274
127	2128175	post	740	1274
127	2158672	post	740	1274
127	2173680	post	740	1274
127	2182492	post	740	1274
127	2198031	post	740	1274
127	2213684	post	740	1274
127	2228199	post	740	1274
127	2243112	post	740	1274
127	2258078	post	740	1274
127	2273102	post	740	1274
127	2288124	post	740	1274
127	2303142	post	740	1274
127	2318152	post	740	1274
127	2333178	post	740	1274
127	2348176	post	740	1274
127	2363199	post	740	1274
127	2378199	post	740	1274
127	2393201	post	740	1274
127	2408210	post	740	1274
127	2423224	post	740	1274
127	2438234	post	740	1274
127	2453272	post	740	1274
127	2468251	post	740	1274
127	2483260	post	740	1274
127	2498268	post	740	1274
127	2513281	post	740	1274
127	2528287	post	740	1274
127	2543298	post	740	1274
127	2558304	post	740	1274
127	2573321	post	740	1274
127	2588324	post	740	1274
127	2603330	post	740	1274
127	2618361	post	740	1274
127	2633372	post	740	1274
127	2648383	post	740	1274
127	2664450	post	740	1274
127	2678630	post	740	1274
127	2693746	post	740	1274
127	2708276	post	740	1274
127	2723285	post	740	1274
127	2738284	post	740	1274
127	2753380	post	740	1274
127	2768419	post	740	1274
127	2783530	post	740	1274
127	2798360	post	740	1274
127	2813363	post	740	1274
127	2828366	post	740	1274
127	2843393	post	740	1274
127	2858981	post	740	1274
127	2873872	post	740	1274
127	2888891	post	740	1274
127	2903925	post	740	1274
127	2919152	post	740	1274
127	2934273	post	740	1274
127	2948970	post	740	1274
127	2963949	post	740	1274
127	2979106	post	740	1274
127	2994016	post	740	1274
127	3009024	post	740	1274
127	3024015	post	740	1274
127	3039005	post	740	1274
127	3055717	post	740	1274
127	3069237	post	740	1274
127	3084041	post	740	1274
127	3099057	post	740	1274
127	3114120	post	740	1274
