127	1930100	post	741	1274
127	1941882	post	741	1274
127	1956810	post	741	1274
127	1974282	post	741	1274
127	1986861	post	741	1274
127	2002164	post	741	1274
127	2017021	post	741	1274
127	2035418	post	741	1274
127	2055689	post	741	1274
127	2070855	post	741	1274
127	2087728	post	741	1274
127	2108075	post	741	1274
127	2128175	post	741	1274
127	2158674	post	741	1274
127	2173682	post	741	1274
127	2182494	post	741	1274
127	2198032	post	741	1274
127	2213683	post	741	1274
127	2228199	post	741	1274
127	2243112	post	741	1274
127	2258078	post	741	1274
127	2273104	post	741	1274
127	2288123	post	741	1274
127	2303147	post	741	1274
127	2318152	post	741	1274
127	2333178	post	741	1274
127	2348176	post	741	1274
127	2363199	post	741	1274
127	2378200	post	741	1274
127	2393201	post	741	1274
127	2408211	post	741	1274
127	2423225	post	741	1274
127	2438235	post	741	1274
127	2453272	post	741	1274
127	2468252	post	741	1274
127	2483261	post	741	1274
127	2498269	post	741	1274
127	2513281	post	741	1274
127	2528288	post	741	1274
127	2543298	post	741	1274
127	2558306	post	741	1274
127	2573319	post	741	1274
127	2588324	post	741	1274
127	2603331	post	741	1274
127	2618361	post	741	1274
127	2633373	post	741	1274
127	2648384	post	741	1274
127	2664450	post	741	1274
127	2678630	post	741	1274
127	2693747	post	741	1274
127	2708279	post	741	1274
127	2723287	post	741	1274
127	2738285	post	741	1274
127	2753381	post	741	1274
127	2768419	post	741	1274
127	2783531	post	741	1274
127	2798360	post	741	1274
127	2813364	post	741	1274
127	2828367	post	741	1274
127	2843394	post	741	1274
127	2858981	post	741	1274
127	2873872	post	741	1274
127	2888892	post	741	1274
127	2903924	post	741	1274
127	2919154	post	741	1274
127	2934274	post	741	1274
127	2948972	post	741	1274
127	2963950	post	741	1274
127	2979110	post	741	1274
127	2994018	post	741	1274
127	3009026	post	741	1274
127	3024015	post	741	1274
127	3039007	post	741	1274
127	3055717	post	741	1274
127	3069238	post	741	1274
127	3084043	post	741	1274
127	3099058	post	741	1274
127	3114120	post	741	1274
