127	1930100	post	743	1274
127	1941882	post	743	1274
127	1956810	post	743	1274
127	1974282	post	743	1274
127	1986861	post	743	1274
127	2002163	post	743	1274
127	2017021	post	743	1274
127	2035417	post	743	1274
127	2055690	post	743	1274
127	2070855	post	743	1274
127	2087729	post	743	1274
127	2108074	post	743	1274
127	2128176	post	743	1274
127	2158672	post	743	1274
127	2173681	post	743	1274
127	2182494	post	743	1274
127	2198030	post	743	1274
127	2213685	post	743	1274
127	2228200	post	743	1274
127	2243113	post	743	1274
127	2258079	post	743	1274
127	2273104	post	743	1274
127	2288124	post	743	1274
127	2303143	post	743	1274
127	2318153	post	743	1274
127	2333176	post	743	1274
127	2348176	post	743	1274
127	2363198	post	743	1274
127	2378199	post	743	1274
127	2393201	post	743	1274
127	2408210	post	743	1274
127	2423224	post	743	1274
127	2438233	post	743	1274
127	2453272	post	743	1274
127	2468251	post	743	1274
127	2483261	post	743	1274
127	2498269	post	743	1274
127	2513281	post	743	1274
127	2528287	post	743	1274
127	2543297	post	743	1274
127	2558305	post	743	1274
127	2573322	post	743	1274
127	2588324	post	743	1274
127	2603332	post	743	1274
127	2618361	post	743	1274
127	2633372	post	743	1274
127	2648385	post	743	1274
127	2664448	post	743	1274
127	2678629	post	743	1274
127	2693746	post	743	1274
127	2708276	post	743	1274
127	2723287	post	743	1274
127	2738285	post	743	1274
127	2753380	post	743	1274
127	2768419	post	743	1274
127	2783531	post	743	1274
127	2798360	post	743	1274
127	2813363	post	743	1274
127	2828368	post	743	1274
127	2843394	post	743	1274
127	2858982	post	743	1274
127	2873872	post	743	1274
127	2888892	post	743	1274
127	2903926	post	743	1274
127	2919154	post	743	1274
127	2934274	post	743	1274
127	2948972	post	743	1274
127	2963950	post	743	1274
127	2979112	post	743	1274
127	2994017	post	743	1274
127	3009027	post	743	1274
127	3024015	post	743	1274
127	3039006	post	743	1274
127	3055717	post	743	1274
127	3069238	post	743	1274
127	3084042	post	743	1274
127	3099059	post	743	1274
127	3114122	post	743	1274
