127	1930093	post	744	1274
127	1941880	post	744	1274
127	1956809	post	744	1274
127	1974278	post	744	1274
127	1986859	post	744	1274
127	2002162	post	744	1274
127	2017020	post	744	1274
127	2035415	post	744	1274
127	2055696	post	744	1274
127	2070854	post	744	1274
127	2087727	post	744	1274
127	2108073	post	744	1274
127	2128175	post	744	1274
127	2158670	post	744	1274
127	2173680	post	744	1274
127	2182491	post	744	1274
127	2198030	post	744	1274
127	2213684	post	744	1274
127	2228199	post	744	1274
127	2243111	post	744	1274
127	2258078	post	744	1274
127	2273101	post	744	1274
127	2288123	post	744	1274
127	2303143	post	744	1274
127	2318151	post	744	1274
127	2333176	post	744	1274
127	2348175	post	744	1274
127	2363198	post	744	1274
127	2378199	post	744	1274
127	2393200	post	744	1274
127	2408209	post	744	1274
127	2423223	post	744	1274
127	2438233	post	744	1274
127	2453272	post	744	1274
127	2468250	post	744	1274
127	2483260	post	744	1274
127	2498267	post	744	1274
127	2513279	post	744	1274
127	2528286	post	744	1274
127	2543297	post	744	1274
127	2558303	post	744	1274
127	2573320	post	744	1274
127	2588323	post	744	1274
127	2603329	post	744	1274
127	2618360	post	744	1274
127	2633371	post	744	1274
127	2648382	post	744	1274
127	2664449	post	744	1274
127	2678629	post	744	1274
127	2693745	post	744	1274
127	2708276	post	744	1274
127	2723286	post	744	1274
127	2738284	post	744	1274
127	2753380	post	744	1274
127	2768418	post	744	1274
127	2783528	post	744	1274
127	2798359	post	744	1274
127	2813362	post	744	1274
127	2828366	post	744	1274
127	2843393	post	744	1274
127	2858980	post	744	1274
127	2873871	post	744	1274
127	2888890	post	744	1274
127	2903925	post	744	1274
127	2919153	post	744	1274
127	2934273	post	744	1274
127	2948970	post	744	1274
127	2963949	post	744	1274
127	2979105	post	744	1274
127	2994016	post	744	1274
127	3009025	post	744	1274
127	3024014	post	744	1274
127	3039005	post	744	1274
127	3055716	post	744	1274
127	3069237	post	744	1274
127	3084040	post	744	1274
127	3099057	post	744	1274
127	3114119	post	744	1274
