127	1930096	post	745	1274
127	1941880	post	745	1274
127	1956809	post	745	1274
127	1974279	post	745	1274
127	1986860	post	745	1274
127	2002162	post	745	1274
127	2017020	post	745	1274
127	2035416	post	745	1274
127	2055690	post	745	1274
127	2070854	post	745	1274
127	2087728	post	745	1274
127	2108074	post	745	1274
127	2128175	post	745	1274
127	2158670	post	745	1274
127	2173681	post	745	1274
127	2182492	post	745	1274
127	2198031	post	745	1274
127	2213684	post	745	1274
127	2228200	post	745	1274
127	2243111	post	745	1274
127	2258077	post	745	1274
127	2273102	post	745	1274
127	2288123	post	745	1274
127	2303145	post	745	1274
127	2318151	post	745	1274
127	2333177	post	745	1274
127	2348176	post	745	1274
127	2363199	post	745	1274
127	2378199	post	745	1274
127	2393201	post	745	1274
127	2408210	post	745	1274
127	2423223	post	745	1274
127	2438233	post	745	1274
127	2453271	post	745	1274
127	2468250	post	745	1274
127	2483260	post	745	1274
127	2498268	post	745	1274
127	2513280	post	745	1274
127	2528287	post	745	1274
127	2543297	post	745	1274
127	2558304	post	745	1274
127	2573319	post	745	1274
127	2588323	post	745	1274
127	2603330	post	745	1274
127	2618360	post	745	1274
127	2633372	post	745	1274
127	2648382	post	745	1274
127	2664449	post	745	1274
127	2678632	post	745	1274
127	2693746	post	745	1274
127	2708275	post	745	1274
127	2723286	post	745	1274
127	2738284	post	745	1274
127	2753380	post	745	1274
127	2768419	post	745	1274
127	2783529	post	745	1274
127	2798359	post	745	1274
127	2813362	post	745	1274
127	2828366	post	745	1274
127	2843393	post	745	1274
127	2858980	post	745	1274
127	2873872	post	745	1274
127	2888891	post	745	1274
127	2903925	post	745	1274
127	2919153	post	745	1274
127	2934274	post	745	1274
127	2948972	post	745	1274
127	2963949	post	745	1274
127	2979106	post	745	1274
127	2994016	post	745	1274
127	3009024	post	745	1274
127	3024015	post	745	1274
127	3039005	post	745	1274
127	3055717	post	745	1274
127	3069237	post	745	1274
127	3084041	post	745	1274
127	3099057	post	745	1274
127	3114120	post	745	1274
