127	1930096	post	746	1274
127	1941880	post	746	1274
127	1956809	post	746	1274
127	1974282	post	746	1274
127	1986860	post	746	1274
127	2002162	post	746	1274
127	2017021	post	746	1274
127	2035416	post	746	1274
127	2055692	post	746	1274
127	2070854	post	746	1274
127	2087729	post	746	1274
127	2108074	post	746	1274
127	2128176	post	746	1274
127	2158670	post	746	1274
127	2173681	post	746	1274
127	2182492	post	746	1274
127	2198030	post	746	1274
127	2213684	post	746	1274
127	2228200	post	746	1274
127	2243112	post	746	1274
127	2258078	post	746	1274
127	2273102	post	746	1274
127	2288124	post	746	1274
127	2303143	post	746	1274
127	2318152	post	746	1274
127	2333177	post	746	1274
127	2348176	post	746	1274
127	2363199	post	746	1274
127	2378200	post	746	1274
127	2393200	post	746	1274
127	2408210	post	746	1274
127	2423223	post	746	1274
127	2438234	post	746	1274
127	2453271	post	746	1274
127	2468251	post	746	1274
127	2483260	post	746	1274
127	2498267	post	746	1274
127	2513280	post	746	1274
127	2528287	post	746	1274
127	2543298	post	746	1274
127	2558304	post	746	1274
127	2573320	post	746	1274
127	2588323	post	746	1274
127	2603330	post	746	1274
127	2618361	post	746	1274
127	2633372	post	746	1274
127	2648383	post	746	1274
127	2664449	post	746	1274
127	2678630	post	746	1274
127	2693746	post	746	1274
127	2708276	post	746	1274
127	2723287	post	746	1274
127	2738284	post	746	1274
127	2753380	post	746	1274
127	2768418	post	746	1274
127	2783529	post	746	1274
127	2798359	post	746	1274
127	2813362	post	746	1274
127	2828366	post	746	1274
127	2843394	post	746	1274
127	2858980	post	746	1274
127	2873873	post	746	1274
127	2888891	post	746	1274
127	2903925	post	746	1274
127	2919153	post	746	1274
127	2934274	post	746	1274
127	2948971	post	746	1274
127	2963950	post	746	1274
127	2979106	post	746	1274
127	2994016	post	746	1274
127	3009025	post	746	1274
127	3024015	post	746	1274
127	3039004	post	746	1274
127	3055716	post	746	1274
127	3069238	post	746	1274
127	3084041	post	746	1274
127	3099057	post	746	1274
127	3114120	post	746	1274
