127	1930090	post	747	1274
127	1941880	post	747	1274
127	1956809	post	747	1274
127	1974279	post	747	1274
127	1986859	post	747	1274
127	2002163	post	747	1274
127	2017020	post	747	1274
127	2035415	post	747	1274
127	2055691	post	747	1274
127	2070854	post	747	1274
127	2087728	post	747	1274
127	2108074	post	747	1274
127	2128174	post	747	1274
127	2158670	post	747	1274
127	2173680	post	747	1274
127	2182492	post	747	1274
127	2198030	post	747	1274
127	2213683	post	747	1274
127	2228199	post	747	1274
127	2243111	post	747	1274
127	2258078	post	747	1274
127	2273101	post	747	1274
127	2288123	post	747	1274
127	2303143	post	747	1274
127	2318161	post	747	1274
127	2333177	post	747	1274
127	2348175	post	747	1274
127	2363198	post	747	1274
127	2378198	post	747	1274
127	2393200	post	747	1274
127	2408209	post	747	1274
127	2423224	post	747	1274
127	2438233	post	747	1274
127	2453273	post	747	1274
127	2468250	post	747	1274
127	2483260	post	747	1274
127	2498268	post	747	1274
127	2513280	post	747	1274
127	2528286	post	747	1274
127	2543297	post	747	1274
127	2558304	post	747	1274
127	2573319	post	747	1274
127	2588323	post	747	1274
127	2603330	post	747	1274
127	2618360	post	747	1274
127	2633371	post	747	1274
127	2648382	post	747	1274
127	2664449	post	747	1274
127	2678629	post	747	1274
127	2693745	post	747	1274
127	2708275	post	747	1274
127	2723285	post	747	1274
127	2738284	post	747	1274
127	2753379	post	747	1274
127	2768418	post	747	1274
127	2783529	post	747	1274
127	2798359	post	747	1274
127	2813362	post	747	1274
127	2828367	post	747	1274
127	2843393	post	747	1274
127	2858981	post	747	1274
127	2873871	post	747	1274
127	2888891	post	747	1274
127	2903924	post	747	1274
127	2919153	post	747	1274
127	2934273	post	747	1274
127	2948970	post	747	1274
127	2963949	post	747	1274
127	2979106	post	747	1274
127	2994016	post	747	1274
127	3009024	post	747	1274
127	3024014	post	747	1274
127	3039004	post	747	1274
127	3055717	post	747	1274
127	3069237	post	747	1274
127	3084041	post	747	1274
127	3099057	post	747	1274
127	3114120	post	747	1274
