127	1930102	post	748	1274
127	1941883	post	748	1274
127	1956813	post	748	1274
127	1974280	post	748	1274
127	1986860	post	748	1274
127	2002163	post	748	1274
127	2017022	post	748	1274
127	2035417	post	748	1274
127	2055690	post	748	1274
127	2070855	post	748	1274
127	2087729	post	748	1274
127	2108074	post	748	1274
127	2128177	post	748	1274
127	2158671	post	748	1274
127	2173681	post	748	1274
127	2182494	post	748	1274
127	2198031	post	748	1274
127	2213683	post	748	1274
127	2228200	post	748	1274
127	2243112	post	748	1274
127	2258079	post	748	1274
127	2273104	post	748	1274
127	2288124	post	748	1274
127	2303144	post	748	1274
127	2318153	post	748	1274
127	2333177	post	748	1274
127	2348176	post	748	1274
127	2363199	post	748	1274
127	2378200	post	748	1274
127	2393201	post	748	1274
127	2408210	post	748	1274
127	2423224	post	748	1274
127	2438236	post	748	1274
127	2453271	post	748	1274
127	2468251	post	748	1274
127	2483261	post	748	1274
127	2498269	post	748	1274
127	2513281	post	748	1274
127	2528287	post	748	1274
127	2543298	post	748	1274
127	2558305	post	748	1274
127	2573321	post	748	1274
127	2588323	post	748	1274
127	2603330	post	748	1274
127	2618361	post	748	1274
127	2633372	post	748	1274
127	2648384	post	748	1274
127	2664448	post	748	1274
127	2678630	post	748	1274
127	2693746	post	748	1274
127	2708277	post	748	1274
127	2723289	post	748	1274
127	2738285	post	748	1274
127	2753380	post	748	1274
127	2768419	post	748	1274
127	2783531	post	748	1274
127	2798360	post	748	1274
127	2813364	post	748	1274
127	2828368	post	748	1274
127	2843394	post	748	1274
127	2858982	post	748	1274
127	2873873	post	748	1274
127	2888892	post	748	1274
127	2903925	post	748	1274
127	2919154	post	748	1274
127	2934275	post	748	1274
127	2948973	post	748	1274
127	2963949	post	748	1274
127	2979112	post	748	1274
127	2994017	post	748	1274
127	3009025	post	748	1274
127	3024016	post	748	1274
127	3039006	post	748	1274
127	3055717	post	748	1274
127	3069239	post	748	1274
127	3084043	post	748	1274
127	3099058	post	748	1274
127	3114120	post	748	1274
