127	1932811	post	757	1274
127	1947827	post	757	1274
127	1962966	post	757	1274
127	1980141	post	757	1274
127	1994455	post	757	1274
127	2013480	post	757	1274
127	2024505	post	757	1274
127	2039397	post	757	1274
127	2054411	post	757	1274
127	2073320	post	757	1274
127	2087189	post	757	1274
127	2099785	post	757	1274
127	2116198	post	757	1274
127	2133576	post	757	1274
127	2147064	post	757	1274
127	2160198	post	757	1274
127	2175151	post	757	1274
127	2190218	post	757	1274
127	2205221	post	757	1274
127	2220536	post	757	1274
127	2235228	post	757	1274
127	2251593	post	757	1274
127	2265266	post	757	1274
127	2281421	post	757	1274
127	2295907	post	757	1274
127	2311011	post	757	1274
127	2325946	post	757	1274
127	2340942	post	757	1274
127	2355947	post	757	1274
127	2370976	post	757	1274
127	2385967	post	757	1274
127	2400987	post	757	1274
127	2415997	post	757	1274
127	2431007	post	757	1274
127	2446017	post	757	1274
127	2461068	post	757	1274
127	2476038	post	757	1274
127	2491066	post	757	1274
127	2506079	post	757	1274
127	2521106	post	757	1274
127	2536114	post	757	1274
127	2551119	post	757	1274
127	2566130	post	757	1274
127	2581138	post	757	1274
127	2596158	post	757	1274
127	2611161	post	757	1274
127	2626168	post	757	1274
127	2641190	post	757	1274
127	2656606	post	757	1274
127	2673543	post	757	1274
127	2688712	post	757	1274
127	2701546	post	757	1274
127	2716536	post	757	1274
127	2731545	post	757	1274
127	2746554	post	757	1274
127	2761589	post	757	1274
127	2776575	post	757	1274
127	2791591	post	757	1274
127	2806624	post	757	1274
127	2821666	post	757	1274
127	2836642	post	757	1274
127	2851648	post	757	1274
127	2866659	post	757	1274
127	2881672	post	757	1274
127	2896696	post	757	1274
127	2911687	post	757	1274
127	2926723	post	757	1274
127	2941730	post	757	1274
127	2956739	post	757	1274
127	2971949	post	757	1274
127	2986778	post	757	1274
127	3001774	post	757	1274
127	3016780	post	757	1274
127	3031791	post	757	1274
127	3046826	post	757	1274
127	3061864	post	757	1274
127	3076835	post	757	1274
127	3091844	post	757	1274
127	3106948	post	757	1274
127	3121967	post	757	1274
