127	1932816	post	759	1274
127	1947832	post	759	1274
127	1962966	post	759	1274
127	1980143	post	759	1274
127	1994446	post	759	1274
127	2013482	post	759	1274
127	2024513	post	759	1274
127	2039399	post	759	1274
127	2054412	post	759	1274
127	2073322	post	759	1274
127	2087190	post	759	1274
127	2099785	post	759	1274
127	2116200	post	759	1274
127	2133579	post	759	1274
127	2147065	post	759	1274
127	2160199	post	759	1274
127	2175153	post	759	1274
127	2190284	post	759	1274
127	2205224	post	759	1274
127	2220537	post	759	1274
127	2235230	post	759	1274
127	2251602	post	759	1274
127	2265267	post	759	1274
127	2281423	post	759	1274
127	2295910	post	759	1274
127	2311013	post	759	1274
127	2325947	post	759	1274
127	2340944	post	759	1274
127	2355948	post	759	1274
127	2370977	post	759	1274
127	2385968	post	759	1274
127	2400988	post	759	1274
127	2415998	post	759	1274
127	2431009	post	759	1274
127	2446019	post	759	1274
127	2461069	post	759	1274
127	2476040	post	759	1274
127	2491070	post	759	1274
127	2506080	post	759	1274
127	2521108	post	759	1274
127	2536115	post	759	1274
127	2551121	post	759	1274
127	2566131	post	759	1274
127	2581140	post	759	1274
127	2596160	post	759	1274
127	2611162	post	759	1274
127	2626169	post	759	1274
127	2641191	post	759	1274
127	2656608	post	759	1274
127	2673541	post	759	1274
127	2688714	post	759	1274
127	2701546	post	759	1274
127	2716538	post	759	1274
127	2731547	post	759	1274
127	2746556	post	759	1274
127	2761571	post	759	1274
127	2776576	post	759	1274
127	2791592	post	759	1274
127	2806626	post	759	1274
127	2821669	post	759	1274
127	2836644	post	759	1274
127	2851651	post	759	1274
127	2866660	post	759	1274
127	2881673	post	759	1274
127	2896697	post	759	1274
127	2911689	post	759	1274
127	2926725	post	759	1274
127	2941732	post	759	1274
127	2956741	post	759	1274
127	2971951	post	759	1274
127	2986779	post	759	1274
127	3001776	post	759	1274
127	3016781	post	759	1274
127	3031793	post	759	1274
127	3046827	post	759	1274
127	3061864	post	759	1274
127	3076837	post	759	1274
127	3091844	post	759	1274
127	3106950	post	759	1274
127	3121969	post	759	1274
