127	1932809	post	761	1274
127	1947830	post	761	1274
127	1962966	post	761	1274
127	1980142	post	761	1274
127	1994446	post	761	1274
127	2013481	post	761	1274
127	2024515	post	761	1274
127	2039398	post	761	1274
127	2054412	post	761	1274
127	2073321	post	761	1274
127	2087189	post	761	1274
127	2099786	post	761	1274
127	2116203	post	761	1274
127	2133576	post	761	1274
127	2147064	post	761	1274
127	2160199	post	761	1274
127	2175152	post	761	1274
127	2190282	post	761	1274
127	2205222	post	761	1274
127	2220536	post	761	1274
127	2235230	post	761	1274
127	2251594	post	761	1274
127	2265267	post	761	1274
127	2281422	post	761	1274
127	2295908	post	761	1274
127	2311012	post	761	1274
127	2325948	post	761	1274
127	2340943	post	761	1274
127	2355948	post	761	1274
127	2370977	post	761	1274
127	2385968	post	761	1274
127	2400989	post	761	1274
127	2415998	post	761	1274
127	2431008	post	761	1274
127	2446018	post	761	1274
127	2461069	post	761	1274
127	2476039	post	761	1274
127	2491067	post	761	1274
127	2506080	post	761	1274
127	2521106	post	761	1274
127	2536115	post	761	1274
127	2551121	post	761	1274
127	2566131	post	761	1274
127	2581138	post	761	1274
127	2596159	post	761	1274
127	2611161	post	761	1274
127	2626168	post	761	1274
127	2641190	post	761	1274
127	2656608	post	761	1274
127	2673541	post	761	1274
127	2688713	post	761	1274
127	2701545	post	761	1274
127	2716537	post	761	1274
127	2731545	post	761	1274
127	2746554	post	761	1274
127	2761570	post	761	1274
127	2776576	post	761	1274
127	2791592	post	761	1274
127	2806625	post	761	1274
127	2821669	post	761	1274
127	2836644	post	761	1274
127	2851648	post	761	1274
127	2866659	post	761	1274
127	2881673	post	761	1274
127	2896697	post	761	1274
127	2911689	post	761	1274
127	2926724	post	761	1274
127	2941731	post	761	1274
127	2956740	post	761	1274
127	2971949	post	761	1274
127	2986778	post	761	1274
127	3001775	post	761	1274
127	3016780	post	761	1274
127	3031792	post	761	1274
127	3046827	post	761	1274
127	3061864	post	761	1274
127	3076836	post	761	1274
127	3091843	post	761	1274
127	3106949	post	761	1274
127	3121968	post	761	1274
