127	1932816	post	762	1274
127	1947828	post	762	1274
127	1962966	post	762	1274
127	1980141	post	762	1274
127	1994446	post	762	1274
127	2013486	post	762	1274
127	2024506	post	762	1274
127	2039398	post	762	1274
127	2054412	post	762	1274
127	2073322	post	762	1274
127	2087189	post	762	1274
127	2099785	post	762	1274
127	2116198	post	762	1274
127	2133576	post	762	1274
127	2147064	post	762	1274
127	2160197	post	762	1274
127	2175152	post	762	1274
127	2190300	post	762	1274
127	2205222	post	762	1274
127	2220535	post	762	1274
127	2235228	post	762	1274
127	2251593	post	762	1274
127	2265266	post	762	1274
127	2281421	post	762	1274
127	2295908	post	762	1274
127	2311012	post	762	1274
127	2325946	post	762	1274
127	2340943	post	762	1274
127	2355947	post	762	1274
127	2370977	post	762	1274
127	2385968	post	762	1274
127	2400988	post	762	1274
127	2415998	post	762	1274
127	2431008	post	762	1274
127	2446018	post	762	1274
127	2461068	post	762	1274
127	2476038	post	762	1274
127	2491072	post	762	1274
127	2506080	post	762	1274
127	2521106	post	762	1274
127	2536116	post	762	1274
127	2551120	post	762	1274
127	2566130	post	762	1274
127	2581138	post	762	1274
127	2596158	post	762	1274
127	2611161	post	762	1274
127	2626167	post	762	1274
127	2641190	post	762	1274
127	2656607	post	762	1274
127	2673541	post	762	1274
127	2688713	post	762	1274
127	2701545	post	762	1274
127	2716537	post	762	1274
127	2731546	post	762	1274
127	2746554	post	762	1274
127	2761579	post	762	1274
127	2776575	post	762	1274
127	2791592	post	762	1274
127	2806625	post	762	1274
127	2821667	post	762	1274
127	2836643	post	762	1274
127	2851649	post	762	1274
127	2866659	post	762	1274
127	2881674	post	762	1274
127	2896696	post	762	1274
127	2911688	post	762	1274
127	2926723	post	762	1274
127	2941730	post	762	1274
127	2956740	post	762	1274
127	2971950	post	762	1274
127	2986780	post	762	1274
127	3001774	post	762	1274
127	3016787	post	762	1274
127	3031792	post	762	1274
127	3046827	post	762	1274
127	3061874	post	762	1274
127	3076836	post	762	1274
127	3091843	post	762	1274
127	3106949	post	762	1274
127	3121975	post	762	1274
