127	1932817	post	763	1274
127	1947832	post	763	1274
127	1962967	post	763	1274
127	1980142	post	763	1274
127	1994446	post	763	1274
127	2013481	post	763	1274
127	2024514	post	763	1274
127	2039399	post	763	1274
127	2054413	post	763	1274
127	2073322	post	763	1274
127	2087190	post	763	1274
127	2099786	post	763	1274
127	2116200	post	763	1274
127	2133578	post	763	1274
127	2147065	post	763	1274
127	2160201	post	763	1274
127	2175152	post	763	1274
127	2190284	post	763	1274
127	2205224	post	763	1274
127	2220537	post	763	1274
127	2235230	post	763	1274
127	2251602	post	763	1274
127	2265266	post	763	1274
127	2281423	post	763	1274
127	2295910	post	763	1274
127	2311012	post	763	1274
127	2325947	post	763	1274
127	2340944	post	763	1274
127	2355951	post	763	1274
127	2370978	post	763	1274
127	2385969	post	763	1274
127	2400989	post	763	1274
127	2416000	post	763	1274
127	2431009	post	763	1274
127	2446020	post	763	1274
127	2461070	post	763	1274
127	2476039	post	763	1274
127	2491067	post	763	1274
127	2506081	post	763	1274
127	2521107	post	763	1274
127	2536115	post	763	1274
127	2551121	post	763	1274
127	2566132	post	763	1274
127	2581140	post	763	1274
127	2596160	post	763	1274
127	2611162	post	763	1274
127	2626169	post	763	1274
127	2641191	post	763	1274
127	2656608	post	763	1274
127	2673544	post	763	1274
127	2688715	post	763	1274
127	2701547	post	763	1274
127	2716537	post	763	1274
127	2731546	post	763	1274
127	2746555	post	763	1274
127	2761572	post	763	1274
127	2776575	post	763	1274
127	2791592	post	763	1274
127	2806625	post	763	1274
127	2821667	post	763	1274
127	2836644	post	763	1274
127	2851651	post	763	1274
127	2866660	post	763	1274
127	2881673	post	763	1274
127	2896698	post	763	1274
127	2911689	post	763	1274
127	2926724	post	763	1274
127	2941732	post	763	1274
127	2956741	post	763	1274
127	2971950	post	763	1274
127	2986779	post	763	1274
127	3001776	post	763	1274
127	3016781	post	763	1274
127	3031793	post	763	1274
127	3046827	post	763	1274
127	3061865	post	763	1274
127	3076836	post	763	1274
127	3091845	post	763	1274
127	3106949	post	763	1274
127	3121969	post	763	1274
