127	1932815	post	764	1274
127	1947828	post	764	1274
127	1962965	post	764	1274
127	1980142	post	764	1274
127	1994445	post	764	1274
127	2013486	post	764	1274
127	2024506	post	764	1274
127	2039398	post	764	1274
127	2054411	post	764	1274
127	2073322	post	764	1274
127	2087189	post	764	1274
127	2099786	post	764	1274
127	2116199	post	764	1274
127	2133576	post	764	1274
127	2147064	post	764	1274
127	2160197	post	764	1274
127	2175151	post	764	1274
127	2190281	post	764	1274
127	2205222	post	764	1274
127	2220536	post	764	1274
127	2235228	post	764	1274
127	2251594	post	764	1274
127	2265267	post	764	1274
127	2281422	post	764	1274
127	2295908	post	764	1274
127	2311011	post	764	1274
127	2325946	post	764	1274
127	2340943	post	764	1274
127	2355947	post	764	1274
127	2370976	post	764	1274
127	2385974	post	764	1274
127	2400988	post	764	1274
127	2415998	post	764	1274
127	2431008	post	764	1274
127	2446018	post	764	1274
127	2461068	post	764	1274
127	2476039	post	764	1274
127	2491070	post	764	1274
127	2506079	post	764	1274
127	2521106	post	764	1274
127	2536114	post	764	1274
127	2551120	post	764	1274
127	2566130	post	764	1274
127	2581138	post	764	1274
127	2596158	post	764	1274
127	2611162	post	764	1274
127	2626167	post	764	1274
127	2641197	post	764	1274
127	2656607	post	764	1274
127	2673541	post	764	1274
127	2688713	post	764	1274
127	2701545	post	764	1274
127	2716537	post	764	1274
127	2731545	post	764	1274
127	2746554	post	764	1274
127	2761579	post	764	1274
127	2776575	post	764	1274
127	2791591	post	764	1274
127	2806624	post	764	1274
127	2821667	post	764	1274
127	2836643	post	764	1274
127	2851648	post	764	1274
127	2866660	post	764	1274
127	2881674	post	764	1274
127	2896697	post	764	1274
127	2911688	post	764	1274
127	2926723	post	764	1274
127	2941731	post	764	1274
127	2956740	post	764	1274
127	2971949	post	764	1274
127	2986780	post	764	1274
127	3001775	post	764	1274
127	3016783	post	764	1274
127	3031791	post	764	1274
127	3046826	post	764	1274
127	3061874	post	764	1274
127	3076836	post	764	1274
127	3091843	post	764	1274
127	3106950	post	764	1274
127	3121968	post	764	1274
