127	1932811	post	765	1274
127	1947829	post	765	1274
127	1962966	post	765	1274
127	1980142	post	765	1274
127	1994446	post	765	1274
127	2013481	post	765	1274
127	2024505	post	765	1274
127	2039397	post	765	1274
127	2054412	post	765	1274
127	2073322	post	765	1274
127	2087189	post	765	1274
127	2099786	post	765	1274
127	2116203	post	765	1274
127	2133577	post	765	1274
127	2147063	post	765	1274
127	2160196	post	765	1274
127	2175152	post	765	1274
127	2190284	post	765	1274
127	2205222	post	765	1274
127	2220536	post	765	1274
127	2235229	post	765	1274
127	2251594	post	765	1274
127	2265266	post	765	1274
127	2281422	post	765	1274
127	2295908	post	765	1274
127	2311012	post	765	1274
127	2325948	post	765	1274
127	2340943	post	765	1274
127	2355947	post	765	1274
127	2370977	post	765	1274
127	2385968	post	765	1274
127	2400989	post	765	1274
127	2415999	post	765	1274
127	2431008	post	765	1274
127	2446018	post	765	1274
127	2461069	post	765	1274
127	2476039	post	765	1274
127	2491070	post	765	1274
127	2506080	post	765	1274
127	2521108	post	765	1274
127	2536115	post	765	1274
127	2551120	post	765	1274
127	2566131	post	765	1274
127	2581138	post	765	1274
127	2596158	post	765	1274
127	2611162	post	765	1274
127	2626168	post	765	1274
127	2641191	post	765	1274
127	2656607	post	765	1274
127	2673541	post	765	1274
127	2688714	post	765	1274
127	2701545	post	765	1274
127	2716537	post	765	1274
127	2731546	post	765	1274
127	2746554	post	765	1274
127	2761569	post	765	1274
127	2776575	post	765	1274
127	2791592	post	765	1274
127	2806624	post	765	1274
127	2821669	post	765	1274
127	2836643	post	765	1274
127	2851650	post	765	1274
127	2866660	post	765	1274
127	2881673	post	765	1274
127	2896700	post	765	1274
127	2911689	post	765	1274
127	2926724	post	765	1274
127	2941730	post	765	1274
127	2956741	post	765	1274
127	2971949	post	765	1274
127	2986779	post	765	1274
127	3001775	post	765	1274
127	3016781	post	765	1274
127	3031791	post	765	1274
127	3046827	post	765	1274
127	3061865	post	765	1274
127	3076836	post	765	1274
127	3091844	post	765	1274
127	3106949	post	765	1274
127	3121968	post	765	1274
