127	1932815	post	766	1274
127	1947829	post	766	1274
127	1962967	post	766	1274
127	1980143	post	766	1274
127	1994445	post	766	1274
127	2013481	post	766	1274
127	2024506	post	766	1274
127	2039398	post	766	1274
127	2054412	post	766	1274
127	2073323	post	766	1274
127	2087190	post	766	1274
127	2099786	post	766	1274
127	2116200	post	766	1274
127	2133579	post	766	1274
127	2147065	post	766	1274
127	2160201	post	766	1274
127	2175153	post	766	1274
127	2190282	post	766	1274
127	2205224	post	766	1274
127	2220537	post	766	1274
127	2235230	post	766	1274
127	2251601	post	766	1274
127	2265267	post	766	1274
127	2281422	post	766	1274
127	2295909	post	766	1274
127	2311012	post	766	1274
127	2325949	post	766	1274
127	2340942	post	766	1274
127	2355948	post	766	1274
127	2370977	post	766	1274
127	2385968	post	766	1274
127	2400988	post	766	1274
127	2415999	post	766	1274
127	2431008	post	766	1274
127	2446019	post	766	1274
127	2461069	post	766	1274
127	2476039	post	766	1274
127	2491066	post	766	1274
127	2506080	post	766	1274
127	2521107	post	766	1274
127	2536116	post	766	1274
127	2551120	post	766	1274
127	2566131	post	766	1274
127	2581141	post	766	1274
127	2596160	post	766	1274
127	2611162	post	766	1274
127	2626168	post	766	1274
127	2641190	post	766	1274
127	2656606	post	766	1274
127	2673544	post	766	1274
127	2688714	post	766	1274
127	2701547	post	766	1274
127	2716538	post	766	1274
127	2731546	post	766	1274
127	2746554	post	766	1274
127	2761572	post	766	1274
127	2776577	post	766	1274
127	2791592	post	766	1274
127	2806625	post	766	1274
127	2821669	post	766	1274
127	2836644	post	766	1274
127	2851649	post	766	1274
127	2866661	post	766	1274
127	2881673	post	766	1274
127	2896697	post	766	1274
127	2911689	post	766	1274
127	2926725	post	766	1274
127	2941732	post	766	1274
127	2956741	post	766	1274
127	2971950	post	766	1274
127	2986778	post	766	1274
127	3001776	post	766	1274
127	3016781	post	766	1274
127	3031792	post	766	1274
127	3046827	post	766	1274
127	3061865	post	766	1274
127	3076837	post	766	1274
127	3091845	post	766	1274
127	3106948	post	766	1274
127	3121969	post	766	1274
