127	1932809	post	767	1274
127	1947827	post	767	1274
127	1962968	post	767	1274
127	1980143	post	767	1274
127	1994446	post	767	1274
127	2013481	post	767	1274
127	2024507	post	767	1274
127	2039399	post	767	1274
127	2054412	post	767	1274
127	2073322	post	767	1274
127	2087190	post	767	1274
127	2099787	post	767	1274
127	2116199	post	767	1274
127	2133579	post	767	1274
127	2147065	post	767	1274
127	2160200	post	767	1274
127	2175153	post	767	1274
127	2190282	post	767	1274
127	2205223	post	767	1274
127	2220537	post	767	1274
127	2235228	post	767	1274
127	2251601	post	767	1274
127	2265268	post	767	1274
127	2281423	post	767	1274
127	2295909	post	767	1274
127	2311012	post	767	1274
127	2325948	post	767	1274
127	2340944	post	767	1274
127	2355949	post	767	1274
127	2370976	post	767	1274
127	2385967	post	767	1274
127	2400991	post	767	1274
127	2415999	post	767	1274
127	2431010	post	767	1274
127	2446019	post	767	1274
127	2461069	post	767	1274
127	2476042	post	767	1274
127	2491066	post	767	1274
127	2506080	post	767	1274
127	2521109	post	767	1274
127	2536115	post	767	1274
127	2551121	post	767	1274
127	2566131	post	767	1274
127	2581140	post	767	1274
127	2596160	post	767	1274
127	2611162	post	767	1274
127	2626169	post	767	1274
127	2641190	post	767	1274
127	2656608	post	767	1274
127	2673544	post	767	1274
127	2688713	post	767	1274
127	2701546	post	767	1274
127	2716537	post	767	1274
127	2731547	post	767	1274
127	2746554	post	767	1274
127	2761570	post	767	1274
127	2776577	post	767	1274
127	2791592	post	767	1274
127	2806625	post	767	1274
127	2821668	post	767	1274
127	2836644	post	767	1274
127	2851650	post	767	1274
127	2866660	post	767	1274
127	2881673	post	767	1274
127	2896698	post	767	1274
127	2911690	post	767	1274
127	2926725	post	767	1274
127	2941732	post	767	1274
127	2956741	post	767	1274
127	2971950	post	767	1274
127	2986778	post	767	1274
127	3001776	post	767	1274
127	3016781	post	767	1274
127	3031792	post	767	1274
127	3046828	post	767	1274
127	3061865	post	767	1274
127	3076837	post	767	1274
127	3091843	post	767	1274
127	3106950	post	767	1274
127	3121969	post	767	1274
