127	1932818	post	768	1274
127	1947832	post	768	1274
127	1962967	post	768	1274
127	1980144	post	768	1274
127	1994447	post	768	1274
127	2013481	post	768	1274
127	2024514	post	768	1274
127	2039399	post	768	1274
127	2054413	post	768	1274
127	2073321	post	768	1274
127	2087190	post	768	1274
127	2099786	post	768	1274
127	2116200	post	768	1274
127	2133579	post	768	1274
127	2147065	post	768	1274
127	2160200	post	768	1274
127	2175153	post	768	1274
127	2190283	post	768	1274
127	2205223	post	768	1274
127	2220537	post	768	1274
127	2235231	post	768	1274
127	2251604	post	768	1274
127	2265268	post	768	1274
127	2281423	post	768	1274
127	2295909	post	768	1274
127	2311013	post	768	1274
127	2325947	post	768	1274
127	2340943	post	768	1274
127	2355948	post	768	1274
127	2370977	post	768	1274
127	2385969	post	768	1274
127	2400988	post	768	1274
127	2415999	post	768	1274
127	2431009	post	768	1274
127	2446019	post	768	1274
127	2461069	post	768	1274
127	2476042	post	768	1274
127	2491070	post	768	1274
127	2506080	post	768	1274
127	2521107	post	768	1274
127	2536116	post	768	1274
127	2551122	post	768	1274
127	2566133	post	768	1274
127	2581141	post	768	1274
127	2596160	post	768	1274
127	2611162	post	768	1274
127	2626169	post	768	1274
127	2641191	post	768	1274
127	2656608	post	768	1274
127	2673542	post	768	1274
127	2688714	post	768	1274
127	2701547	post	768	1274
127	2716538	post	768	1274
127	2731546	post	768	1274
127	2746554	post	768	1274
127	2761572	post	768	1274
127	2776576	post	768	1274
127	2791593	post	768	1274
127	2806625	post	768	1274
127	2821668	post	768	1274
127	2836644	post	768	1274
127	2851649	post	768	1274
127	2866660	post	768	1274
127	2881673	post	768	1274
127	2896697	post	768	1274
127	2911689	post	768	1274
127	2926725	post	768	1274
127	2941732	post	768	1274
127	2956740	post	768	1274
127	2971950	post	768	1274
127	2986779	post	768	1274
127	3001776	post	768	1274
127	3016780	post	768	1274
127	3031792	post	768	1274
127	3046827	post	768	1274
127	3061865	post	768	1274
127	3076837	post	768	1274
127	3091844	post	768	1274
127	3106949	post	768	1274
127	3121969	post	768	1274
