127	1934673	post	776	1274
127	1949251	post	776	1274
127	1964648	post	776	1274
127	1979450	post	776	1274
127	1994465	post	776	1274
127	2011380	post	776	1274
127	2025855	post	776	1274
127	2039684	post	776	1274
127	2054273	post	776	1274
127	2070768	post	776	1274
127	2084955	post	776	1274
127	2099401	post	776	1274
127	2114502	post	776	1274
127	2129687	post	776	1274
127	2144681	post	776	1274
127	2159533	post	776	1274
127	2174633	post	776	1274
127	2189978	post	776	1274
127	2204453	post	776	1274
127	2220866	post	776	1274
127	2234484	post	776	1274
127	2249492	post	776	1274
127	2264499	post	776	1274
127	2279518	post	776	1274
127	2297882	post	776	1274
127	2309699	post	776	1274
127	2324555	post	776	1274
127	2339548	post	776	1274
127	2354570	post	776	1274
127	2370772	post	776	1274
127	2384630	post	776	1274
127	2399637	post	776	1274
127	2414640	post	776	1274
127	2429651	post	776	1274
127	2444667	post	776	1274
127	2459684	post	776	1274
127	2474687	post	776	1274
127	2489698	post	776	1274
127	2504704	post	776	1274
127	2519854	post	776	1274
127	2534843	post	776	1274
127	2549872	post	776	1274
127	2564873	post	776	1274
127	2579886	post	776	1274
127	2594896	post	776	1274
127	2610078	post	776	1274
127	2624928	post	776	1274
127	2639949	post	776	1274
127	2655019	post	776	1274
127	2670226	post	776	1274
127	2684999	post	776	1274
127	2700705	post	776	1274
127	2715015	post	776	1274
127	2730035	post	776	1274
127	2745042	post	776	1274
127	2760084	post	776	1274
127	2775077	post	776	1274
127	2790072	post	776	1274
127	2805074	post	776	1274
127	2820110	post	776	1274
127	2835100	post	776	1274
127	2850111	post	776	1274
127	2865133	post	776	1274
127	2880129	post	776	1274
127	2895146	post	776	1274
127	2910160	post	776	1274
127	2925158	post	776	1274
127	2940177	post	776	1274
127	2955262	post	776	1274
127	2970240	post	776	1274
127	2985305	post	776	1274
127	3000219	post	776	1274
127	3015238	post	776	1274
127	3030823	post	776	1274
127	3045382	post	776	1274
127	3060264	post	776	1274
127	3075266	post	776	1274
127	3090289	post	776	1274
127	3105291	post	776	1274
127	3122086	post	776	1274
