127	1934667	post	777	1274
127	1949251	post	777	1274
127	1964646	post	777	1274
127	1979451	post	777	1274
127	1994464	post	777	1274
127	2011379	post	777	1274
127	2025855	post	777	1274
127	2039683	post	777	1274
127	2054273	post	777	1274
127	2070768	post	777	1274
127	2084956	post	777	1274
127	2099400	post	777	1274
127	2114502	post	777	1274
127	2129686	post	777	1274
127	2144680	post	777	1274
127	2159533	post	777	1274
127	2174634	post	777	1274
127	2189977	post	777	1274
127	2204452	post	777	1274
127	2220866	post	777	1274
127	2234483	post	777	1274
127	2249491	post	777	1274
127	2264497	post	777	1274
127	2279520	post	777	1274
127	2297878	post	777	1274
127	2309699	post	777	1274
127	2324555	post	777	1274
127	2339544	post	777	1274
127	2354569	post	777	1274
127	2370770	post	777	1274
127	2384630	post	777	1274
127	2399636	post	777	1274
127	2414640	post	777	1274
127	2429651	post	777	1274
127	2444666	post	777	1274
127	2459684	post	777	1274
127	2474685	post	777	1274
127	2489695	post	777	1274
127	2504703	post	777	1274
127	2519854	post	777	1274
127	2534843	post	777	1274
127	2549870	post	777	1274
127	2564872	post	777	1274
127	2579886	post	777	1274
127	2594896	post	777	1274
127	2610071	post	777	1274
127	2624926	post	777	1274
127	2639948	post	777	1274
127	2655018	post	777	1274
127	2670225	post	777	1274
127	2684998	post	777	1274
127	2700703	post	777	1274
127	2715011	post	777	1274
127	2730034	post	777	1274
127	2745042	post	777	1274
127	2760083	post	777	1274
127	2775077	post	777	1274
127	2790072	post	777	1274
127	2805074	post	777	1274
127	2820108	post	777	1274
127	2835099	post	777	1274
127	2850110	post	777	1274
127	2865132	post	777	1274
127	2880126	post	777	1274
127	2895145	post	777	1274
127	2910159	post	777	1274
127	2925158	post	777	1274
127	2940176	post	777	1274
127	2955260	post	777	1274
127	2970240	post	777	1274
127	2985304	post	777	1274
127	3000216	post	777	1274
127	3015238	post	777	1274
127	3030822	post	777	1274
127	3045383	post	777	1274
127	3060263	post	777	1274
127	3075266	post	777	1274
127	3090288	post	777	1274
127	3105290	post	777	1274
127	3122088	post	777	1274
