127	1934670	post	778	1274
127	1949255	post	778	1274
127	1964648	post	778	1274
127	1979451	post	778	1274
127	1994465	post	778	1274
127	2011378	post	778	1274
127	2025855	post	778	1274
127	2039684	post	778	1274
127	2054274	post	778	1274
127	2070766	post	778	1274
127	2084956	post	778	1274
127	2099401	post	778	1274
127	2114502	post	778	1274
127	2129687	post	778	1274
127	2144681	post	778	1274
127	2159535	post	778	1274
127	2174634	post	778	1274
127	2189979	post	778	1274
127	2204453	post	778	1274
127	2220866	post	778	1274
127	2234484	post	778	1274
127	2249496	post	778	1274
127	2264497	post	778	1274
127	2279522	post	778	1274
127	2297878	post	778	1274
127	2309700	post	778	1274
127	2324556	post	778	1274
127	2339545	post	778	1274
127	2354571	post	778	1274
127	2370771	post	778	1274
127	2384636	post	778	1274
127	2399636	post	778	1274
127	2414640	post	778	1274
127	2429652	post	778	1274
127	2444667	post	778	1274
127	2459685	post	778	1274
127	2474686	post	778	1274
127	2489695	post	778	1274
127	2504703	post	778	1274
127	2519854	post	778	1274
127	2534843	post	778	1274
127	2549871	post	778	1274
127	2564873	post	778	1274
127	2579886	post	778	1274
127	2594896	post	778	1274
127	2610078	post	778	1274
127	2624926	post	778	1274
127	2639948	post	778	1274
127	2655019	post	778	1274
127	2670226	post	778	1274
127	2684999	post	778	1274
127	2700705	post	778	1274
127	2715017	post	778	1274
127	2730034	post	778	1274
127	2745042	post	778	1274
127	2760083	post	778	1274
127	2775077	post	778	1274
127	2790070	post	778	1274
127	2805075	post	778	1274
127	2820111	post	778	1274
127	2835100	post	778	1274
127	2850111	post	778	1274
127	2865132	post	778	1274
127	2880127	post	778	1274
127	2895146	post	778	1274
127	2910159	post	778	1274
127	2925157	post	778	1274
127	2940176	post	778	1274
127	2955261	post	778	1274
127	2970240	post	778	1274
127	2985304	post	778	1274
127	3000217	post	778	1274
127	3015237	post	778	1274
127	3030824	post	778	1274
127	3045383	post	778	1274
127	3060262	post	778	1274
127	3075265	post	778	1274
127	3090289	post	778	1274
127	3105291	post	778	1274
127	3122085	post	778	1274
