127	1934666	post	779	1274
127	1949255	post	779	1274
127	1964646	post	779	1274
127	1979451	post	779	1274
127	1994465	post	779	1274
127	2011379	post	779	1274
127	2025855	post	779	1274
127	2039684	post	779	1274
127	2054273	post	779	1274
127	2070769	post	779	1274
127	2084955	post	779	1274
127	2099401	post	779	1274
127	2114501	post	779	1274
127	2129687	post	779	1274
127	2144681	post	779	1274
127	2159533	post	779	1274
127	2174635	post	779	1274
127	2189978	post	779	1274
127	2204453	post	779	1274
127	2220866	post	779	1274
127	2234485	post	779	1274
127	2249496	post	779	1274
127	2264498	post	779	1274
127	2279521	post	779	1274
127	2297879	post	779	1274
127	2309698	post	779	1274
127	2324556	post	779	1274
127	2339547	post	779	1274
127	2354570	post	779	1274
127	2370771	post	779	1274
127	2384637	post	779	1274
127	2399637	post	779	1274
127	2414641	post	779	1274
127	2429651	post	779	1274
127	2444667	post	779	1274
127	2459685	post	779	1274
127	2474687	post	779	1274
127	2489695	post	779	1274
127	2504704	post	779	1274
127	2519855	post	779	1274
127	2534843	post	779	1274
127	2549872	post	779	1274
127	2564873	post	779	1274
127	2579886	post	779	1274
127	2594896	post	779	1274
127	2610072	post	779	1274
127	2624926	post	779	1274
127	2639949	post	779	1274
127	2655019	post	779	1274
127	2670226	post	779	1274
127	2684998	post	779	1274
127	2700704	post	779	1274
127	2715015	post	779	1274
127	2730035	post	779	1274
127	2745044	post	779	1274
127	2760084	post	779	1274
127	2775077	post	779	1274
127	2790072	post	779	1274
127	2805075	post	779	1274
127	2820111	post	779	1274
127	2835101	post	779	1274
127	2850112	post	779	1274
127	2865132	post	779	1274
127	2880126	post	779	1274
127	2895144	post	779	1274
127	2910158	post	779	1274
127	2925158	post	779	1274
127	2940177	post	779	1274
127	2955261	post	779	1274
127	2970240	post	779	1274
127	2985305	post	779	1274
127	3000218	post	779	1274
127	3015238	post	779	1274
127	3030823	post	779	1274
127	3045384	post	779	1274
127	3060263	post	779	1274
127	3075266	post	779	1274
127	3090289	post	779	1274
127	3105291	post	779	1274
127	3122087	post	779	1274
