127	1934669	post	780	1274
127	1949252	post	780	1274
127	1964648	post	780	1274
127	1979452	post	780	1274
127	1994465	post	780	1274
127	2011380	post	780	1274
127	2025855	post	780	1274
127	2039684	post	780	1274
127	2054274	post	780	1274
127	2070768	post	780	1274
127	2084955	post	780	1274
127	2099401	post	780	1274
127	2114502	post	780	1274
127	2129687	post	780	1274
127	2144681	post	780	1274
127	2159534	post	780	1274
127	2174634	post	780	1274
127	2189978	post	780	1274
127	2204453	post	780	1274
127	2220867	post	780	1274
127	2234484	post	780	1274
127	2249492	post	780	1274
127	2264498	post	780	1274
127	2279518	post	780	1274
127	2297888	post	780	1274
127	2309699	post	780	1274
127	2324555	post	780	1274
127	2339545	post	780	1274
127	2354570	post	780	1274
127	2370772	post	780	1274
127	2384636	post	780	1274
127	2399637	post	780	1274
127	2414640	post	780	1274
127	2429652	post	780	1274
127	2444667	post	780	1274
127	2459684	post	780	1274
127	2474686	post	780	1274
127	2489695	post	780	1274
127	2504704	post	780	1274
127	2519854	post	780	1274
127	2534842	post	780	1274
127	2549870	post	780	1274
127	2564873	post	780	1274
127	2579885	post	780	1274
127	2594897	post	780	1274
127	2610078	post	780	1274
127	2624926	post	780	1274
127	2639949	post	780	1274
127	2655018	post	780	1274
127	2670226	post	780	1274
127	2684998	post	780	1274
127	2700704	post	780	1274
127	2715011	post	780	1274
127	2730035	post	780	1274
127	2745042	post	780	1274
127	2760084	post	780	1274
127	2775077	post	780	1274
127	2790073	post	780	1274
127	2805075	post	780	1274
127	2820110	post	780	1274
127	2835100	post	780	1274
127	2850112	post	780	1274
127	2865133	post	780	1274
127	2880126	post	780	1274
127	2895145	post	780	1274
127	2910159	post	780	1274
127	2925158	post	780	1274
127	2940177	post	780	1274
127	2955262	post	780	1274
127	2970240	post	780	1274
127	2985305	post	780	1274
127	3000219	post	780	1274
127	3015239	post	780	1274
127	3030824	post	780	1274
127	3045384	post	780	1274
127	3060263	post	780	1274
127	3075266	post	780	1274
127	3090290	post	780	1274
127	3105290	post	780	1274
127	3122085	post	780	1274
