127	1934669	post	781	1274
127	1949250	post	781	1274
127	1964666	post	781	1274
127	1979449	post	781	1274
127	1994465	post	781	1274
127	2011377	post	781	1274
127	2025853	post	781	1274
127	2039682	post	781	1274
127	2054272	post	781	1274
127	2070767	post	781	1274
127	2084956	post	781	1274
127	2099399	post	781	1274
127	2114501	post	781	1274
127	2129686	post	781	1274
127	2144679	post	781	1274
127	2159533	post	781	1274
127	2174631	post	781	1274
127	2189981	post	781	1274
127	2204452	post	781	1274
127	2220866	post	781	1274
127	2234483	post	781	1274
127	2249490	post	781	1274
127	2264496	post	781	1274
127	2279517	post	781	1274
127	2297877	post	781	1274
127	2309698	post	781	1274
127	2324555	post	781	1274
127	2339544	post	781	1274
127	2354568	post	781	1274
127	2370769	post	781	1274
127	2384630	post	781	1274
127	2399636	post	781	1274
127	2414639	post	781	1274
127	2429650	post	781	1274
127	2444666	post	781	1274
127	2459683	post	781	1274
127	2474684	post	781	1274
127	2489693	post	781	1274
127	2504703	post	781	1274
127	2519853	post	781	1274
127	2534842	post	781	1274
127	2549869	post	781	1274
127	2564873	post	781	1274
127	2579885	post	781	1274
127	2594896	post	781	1274
127	2610070	post	781	1274
127	2624925	post	781	1274
127	2639947	post	781	1274
127	2655019	post	781	1274
127	2670226	post	781	1274
127	2684997	post	781	1274
127	2700703	post	781	1274
127	2715010	post	781	1274
127	2730033	post	781	1274
127	2745041	post	781	1274
127	2760082	post	781	1274
127	2775076	post	781	1274
127	2790069	post	781	1274
127	2805073	post	781	1274
127	2820107	post	781	1274
127	2835099	post	781	1274
127	2850109	post	781	1274
127	2865130	post	781	1274
127	2880125	post	781	1274
127	2895144	post	781	1274
127	2910158	post	781	1274
127	2925157	post	781	1274
127	2940176	post	781	1274
127	2955260	post	781	1274
127	2970240	post	781	1274
127	2985304	post	781	1274
127	3000216	post	781	1274
127	3015237	post	781	1274
127	3030823	post	781	1274
127	3045382	post	781	1274
127	3060262	post	781	1274
127	3075265	post	781	1274
127	3090287	post	781	1274
127	3105289	post	781	1274
127	3122084	post	781	1274
