127	1934672	post	782	1274
127	1949255	post	782	1274
127	1964648	post	782	1274
127	1979452	post	782	1274
127	1994465	post	782	1274
127	2011379	post	782	1274
127	2025854	post	782	1274
127	2039683	post	782	1274
127	2054273	post	782	1274
127	2070767	post	782	1274
127	2084956	post	782	1274
127	2099401	post	782	1274
127	2114502	post	782	1274
127	2129686	post	782	1274
127	2144680	post	782	1274
127	2159533	post	782	1274
127	2174635	post	782	1274
127	2189979	post	782	1274
127	2204452	post	782	1274
127	2220866	post	782	1274
127	2234484	post	782	1274
127	2249496	post	782	1274
127	2264497	post	782	1274
127	2279520	post	782	1274
127	2297878	post	782	1274
127	2309700	post	782	1274
127	2324555	post	782	1274
127	2339548	post	782	1274
127	2354569	post	782	1274
127	2370770	post	782	1274
127	2384637	post	782	1274
127	2399637	post	782	1274
127	2414640	post	782	1274
127	2429651	post	782	1274
127	2444667	post	782	1274
127	2459685	post	782	1274
127	2474685	post	782	1274
127	2489695	post	782	1274
127	2504704	post	782	1274
127	2519854	post	782	1274
127	2534843	post	782	1274
127	2549870	post	782	1274
127	2564873	post	782	1274
127	2579885	post	782	1274
127	2594897	post	782	1274
127	2610071	post	782	1274
127	2624927	post	782	1274
127	2639949	post	782	1274
127	2655019	post	782	1274
127	2670226	post	782	1274
127	2684998	post	782	1274
127	2700705	post	782	1274
127	2715013	post	782	1274
127	2730035	post	782	1274
127	2745044	post	782	1274
127	2760084	post	782	1274
127	2775077	post	782	1274
127	2790072	post	782	1274
127	2805075	post	782	1274
127	2820111	post	782	1274
127	2835101	post	782	1274
127	2850110	post	782	1274
127	2865133	post	782	1274
127	2880126	post	782	1274
127	2895146	post	782	1274
127	2910159	post	782	1274
127	2925158	post	782	1274
127	2940177	post	782	1274
127	2955261	post	782	1274
127	2970239	post	782	1274
127	2985305	post	782	1274
127	3000218	post	782	1274
127	3015239	post	782	1274
127	3030824	post	782	1274
127	3045384	post	782	1274
127	3060263	post	782	1274
127	3075266	post	782	1274
127	3090289	post	782	1274
127	3105290	post	782	1274
127	3122086	post	782	1274
