127	1941474	post	793	1274
127	1956466	post	793	1274
127	1963246	post	793	1274
127	1987388	post	793	1274
127	1992208	post	793	1274
127	2010234	post	793	1274
127	2023137	post	793	1274
127	2037466	post	793	1274
127	2049724	post	793	1274
127	2074309	post	793	1274
127	2104364	post	793	1274
127	2108613	post	793	1274
127	2113183	post	793	1274
127	2129273	post	793	1274
127	2143664	post	793	1274
127	2154535	post	793	1274
127	2168593	post	793	1274
127	2185334	post	793	1274
127	2198826	post	793	1274
127	2213643	post	793	1274
127	2229420	post	793	1274
127	2243615	post	793	1274
127	2258656	post	793	1274
127	2273620	post	793	1274
127	2288612	post	793	1274
127	2303633	post	793	1274
127	2318642	post	793	1274
127	2333632	post	793	1274
127	2348654	post	793	1274
127	2363650	post	793	1274
127	2378653	post	793	1274
127	2393675	post	793	1274
127	2408692	post	793	1274
127	2423686	post	793	1274
127	2438692	post	793	1274
127	2453726	post	793	1274
127	2469009	post	793	1274
127	2483699	post	793	1274
127	2498724	post	793	1274
127	2513707	post	793	1274
127	2528768	post	793	1274
127	2543725	post	793	1274
127	2558730	post	793	1274
127	2573765	post	793	1274
127	2588772	post	793	1274
127	2603761	post	793	1274
127	2618774	post	793	1274
127	2633768	post	793	1274
127	2648770	post	793	1274
127	2666446	post	793	1274
127	2680594	post	793	1274
127	2697769	post	793	1274
127	2710240	post	793	1274
127	2724779	post	793	1274
127	2740389	post	793	1274
127	2755118	post	793	1274
127	2769820	post	793	1274
127	2784925	post	793	1274
127	2799832	post	793	1274
127	2814870	post	793	1274
127	2829872	post	793	1274
127	2844860	post	793	1274
127	2859876	post	793	1274
127	2874877	post	793	1274
127	2889901	post	793	1274
127	2904902	post	793	1274
127	2919913	post	793	1274
127	2934964	post	793	1274
127	2949933	post	793	1274
127	2964944	post	793	1274
127	2979944	post	793	1274
127	2995053	post	793	1274
127	3009946	post	793	1274
127	3025061	post	793	1274
127	3040003	post	793	1274
127	3055566	post	793	1274
127	3070037	post	793	1274
127	3085313	post	793	1274
127	3100050	post	793	1274
127	3115255	post	793	1274
