127	1941460	post	794	1274
127	1956466	post	794	1274
127	1963246	post	794	1274
127	1987386	post	794	1274
127	1992207	post	794	1274
127	2010234	post	794	1274
127	2023137	post	794	1274
127	2037471	post	794	1274
127	2049723	post	794	1274
127	2074318	post	794	1274
127	2104359	post	794	1274
127	2108609	post	794	1274
127	2113182	post	794	1274
127	2129272	post	794	1274
127	2143663	post	794	1274
127	2154534	post	794	1274
127	2168593	post	794	1274
127	2185333	post	794	1274
127	2198825	post	794	1274
127	2213641	post	794	1274
127	2229420	post	794	1274
127	2243613	post	794	1274
127	2258654	post	794	1274
127	2273620	post	794	1274
127	2288611	post	794	1274
127	2303631	post	794	1274
127	2318640	post	794	1274
127	2333631	post	794	1274
127	2348652	post	794	1274
127	2363650	post	794	1274
127	2378651	post	794	1274
127	2393673	post	794	1274
127	2408692	post	794	1274
127	2423684	post	794	1274
127	2438691	post	794	1274
127	2453723	post	794	1274
127	2469007	post	794	1274
127	2483698	post	794	1274
127	2498723	post	794	1274
127	2513707	post	794	1274
127	2528767	post	794	1274
127	2543724	post	794	1274
127	2558728	post	794	1274
127	2573763	post	794	1274
127	2588770	post	794	1274
127	2603760	post	794	1274
127	2618773	post	794	1274
127	2633767	post	794	1274
127	2648770	post	794	1274
127	2666445	post	794	1274
127	2680592	post	794	1274
127	2697768	post	794	1274
127	2710238	post	794	1274
127	2724778	post	794	1274
127	2740388	post	794	1274
127	2755116	post	794	1274
127	2769819	post	794	1274
127	2784925	post	794	1274
127	2799828	post	794	1274
127	2814869	post	794	1274
127	2829870	post	794	1274
127	2844860	post	794	1274
127	2859875	post	794	1274
127	2874876	post	794	1274
127	2889899	post	794	1274
127	2904901	post	794	1274
127	2919911	post	794	1274
127	2934963	post	794	1274
127	2949931	post	794	1274
127	2964942	post	794	1274
127	2979942	post	794	1274
127	2995048	post	794	1274
127	3009944	post	794	1274
127	3025060	post	794	1274
127	3040002	post	794	1274
127	3055565	post	794	1274
127	3070035	post	794	1274
127	3085311	post	794	1274
127	3100049	post	794	1274
127	3115251	post	794	1274
