127	1941463	post	796	1274
127	1956467	post	796	1274
127	1963247	post	796	1274
127	1987387	post	796	1274
127	1992208	post	796	1274
127	2010235	post	796	1274
127	2023138	post	796	1274
127	2037465	post	796	1274
127	2049725	post	796	1274
127	2074310	post	796	1274
127	2104365	post	796	1274
127	2108613	post	796	1274
127	2113183	post	796	1274
127	2129273	post	796	1274
127	2143662	post	796	1274
127	2154534	post	796	1274
127	2168594	post	796	1274
127	2185333	post	796	1274
127	2198825	post	796	1274
127	2213643	post	796	1274
127	2229420	post	796	1274
127	2243615	post	796	1274
127	2258656	post	796	1274
127	2273620	post	796	1274
127	2288613	post	796	1274
127	2303633	post	796	1274
127	2318642	post	796	1274
127	2333632	post	796	1274
127	2348653	post	796	1274
127	2363652	post	796	1274
127	2378653	post	796	1274
127	2393675	post	796	1274
127	2408693	post	796	1274
127	2423686	post	796	1274
127	2438693	post	796	1274
127	2453724	post	796	1274
127	2469008	post	796	1274
127	2483699	post	796	1274
127	2498725	post	796	1274
127	2513708	post	796	1274
127	2528768	post	796	1274
127	2543726	post	796	1274
127	2558730	post	796	1274
127	2573765	post	796	1274
127	2588771	post	796	1274
127	2603762	post	796	1274
127	2618774	post	796	1274
127	2633768	post	796	1274
127	2648771	post	796	1274
127	2666447	post	796	1274
127	2680593	post	796	1274
127	2697769	post	796	1274
127	2710239	post	796	1274
127	2724780	post	796	1274
127	2740390	post	796	1274
127	2755117	post	796	1274
127	2769820	post	796	1274
127	2784925	post	796	1274
127	2799832	post	796	1274
127	2814870	post	796	1274
127	2829871	post	796	1274
127	2844862	post	796	1274
127	2859876	post	796	1274
127	2874877	post	796	1274
127	2889900	post	796	1274
127	2904903	post	796	1274
127	2919914	post	796	1274
127	2934964	post	796	1274
127	2949934	post	796	1274
127	2964944	post	796	1274
127	2979944	post	796	1274
127	2995049	post	796	1274
127	3009945	post	796	1274
127	3025061	post	796	1274
127	3040003	post	796	1274
127	3055567	post	796	1274
127	3070035	post	796	1274
127	3085312	post	796	1274
127	3100050	post	796	1274
127	3115252	post	796	1274
