127	1941462	post	797	1274
127	1956467	post	797	1274
127	1963247	post	797	1274
127	1987388	post	797	1274
127	1992208	post	797	1274
127	2010233	post	797	1274
127	2023137	post	797	1274
127	2037467	post	797	1274
127	2049724	post	797	1274
127	2074309	post	797	1274
127	2104378	post	797	1274
127	2108610	post	797	1274
127	2113183	post	797	1274
127	2129273	post	797	1274
127	2143663	post	797	1274
127	2154535	post	797	1274
127	2168592	post	797	1274
127	2185334	post	797	1274
127	2198826	post	797	1274
127	2213644	post	797	1274
127	2229419	post	797	1274
127	2243615	post	797	1274
127	2258655	post	797	1274
127	2273622	post	797	1274
127	2288612	post	797	1274
127	2303632	post	797	1274
127	2318642	post	797	1274
127	2333633	post	797	1274
127	2348653	post	797	1274
127	2363651	post	797	1274
127	2378653	post	797	1274
127	2393673	post	797	1274
127	2408694	post	797	1274
127	2423686	post	797	1274
127	2438693	post	797	1274
127	2453726	post	797	1274
127	2469009	post	797	1274
127	2483699	post	797	1274
127	2498725	post	797	1274
127	2513708	post	797	1274
127	2528768	post	797	1274
127	2543725	post	797	1274
127	2558729	post	797	1274
127	2573766	post	797	1274
127	2588771	post	797	1274
127	2603761	post	797	1274
127	2618774	post	797	1274
127	2633767	post	797	1274
127	2648771	post	797	1274
127	2666447	post	797	1274
127	2680592	post	797	1274
127	2697769	post	797	1274
127	2710240	post	797	1274
127	2724780	post	797	1274
127	2740390	post	797	1274
127	2755118	post	797	1274
127	2769819	post	797	1274
127	2784927	post	797	1274
127	2799831	post	797	1274
127	2814869	post	797	1274
127	2829872	post	797	1274
127	2844860	post	797	1274
127	2859877	post	797	1274
127	2874877	post	797	1274
127	2889900	post	797	1274
127	2904903	post	797	1274
127	2919913	post	797	1274
127	2934963	post	797	1274
127	2949932	post	797	1274
127	2964944	post	797	1274
127	2979943	post	797	1274
127	2995049	post	797	1274
127	3009944	post	797	1274
127	3025061	post	797	1274
127	3040001	post	797	1274
127	3055566	post	797	1274
127	3070036	post	797	1274
127	3085312	post	797	1274
127	3100050	post	797	1274
127	3115255	post	797	1274
