127	1941459	post	798	1274
127	1956466	post	798	1274
127	1963245	post	798	1274
127	1987386	post	798	1274
127	1992207	post	798	1274
127	2010233	post	798	1274
127	2023135	post	798	1274
127	2037472	post	798	1274
127	2049724	post	798	1274
127	2074316	post	798	1274
127	2104360	post	798	1274
127	2108610	post	798	1274
127	2113181	post	798	1274
127	2129272	post	798	1274
127	2143663	post	798	1274
127	2154534	post	798	1274
127	2168593	post	798	1274
127	2185333	post	798	1274
127	2198824	post	798	1274
127	2213641	post	798	1274
127	2229420	post	798	1274
127	2243614	post	798	1274
127	2258654	post	798	1274
127	2273620	post	798	1274
127	2288612	post	798	1274
127	2303632	post	798	1274
127	2318640	post	798	1274
127	2333630	post	798	1274
127	2348652	post	798	1274
127	2363649	post	798	1274
127	2378652	post	798	1274
127	2393674	post	798	1274
127	2408692	post	798	1274
127	2423685	post	798	1274
127	2438691	post	798	1274
127	2453722	post	798	1274
127	2469007	post	798	1274
127	2483697	post	798	1274
127	2498723	post	798	1274
127	2513707	post	798	1274
127	2528767	post	798	1274
127	2543724	post	798	1274
127	2558728	post	798	1274
127	2573763	post	798	1274
127	2588770	post	798	1274
127	2603761	post	798	1274
127	2618773	post	798	1274
127	2633767	post	798	1274
127	2648770	post	798	1274
127	2666445	post	798	1274
127	2680592	post	798	1274
127	2697767	post	798	1274
127	2710238	post	798	1274
127	2724777	post	798	1274
127	2740388	post	798	1274
127	2755116	post	798	1274
127	2769818	post	798	1274
127	2784925	post	798	1274
127	2799828	post	798	1274
127	2814869	post	798	1274
127	2829871	post	798	1274
127	2844859	post	798	1274
127	2859875	post	798	1274
127	2874876	post	798	1274
127	2889899	post	798	1274
127	2904901	post	798	1274
127	2919912	post	798	1274
127	2934962	post	798	1274
127	2949931	post	798	1274
127	2964943	post	798	1274
127	2979942	post	798	1274
127	2995048	post	798	1274
127	3009944	post	798	1274
127	3025059	post	798	1274
127	3040001	post	798	1274
127	3055565	post	798	1274
127	3070035	post	798	1274
127	3085311	post	798	1274
127	3100048	post	798	1274
127	3115251	post	798	1274
