127	1941881	post	803	1274
127	1956809	post	803	1274
127	1974279	post	803	1274
127	1986859	post	803	1274
127	2002162	post	803	1274
127	2017020	post	803	1274
127	2035416	post	803	1274
127	2055689	post	803	1274
127	2070853	post	803	1274
127	2087727	post	803	1274
127	2108074	post	803	1274
127	2128175	post	803	1274
127	2158673	post	803	1274
127	2173680	post	803	1274
127	2182491	post	803	1274
127	2198030	post	803	1274
127	2213683	post	803	1274
127	2228199	post	803	1274
127	2243111	post	803	1274
127	2258077	post	803	1274
127	2273101	post	803	1274
127	2288123	post	803	1274
127	2303143	post	803	1274
127	2318152	post	803	1274
127	2333177	post	803	1274
127	2348175	post	803	1274
127	2363198	post	803	1274
127	2378199	post	803	1274
127	2393201	post	803	1274
127	2408209	post	803	1274
127	2423223	post	803	1274
127	2438233	post	803	1274
127	2453273	post	803	1274
127	2468250	post	803	1274
127	2483261	post	803	1274
127	2498268	post	803	1274
127	2513279	post	803	1274
127	2528286	post	803	1274
127	2543297	post	803	1274
127	2558303	post	803	1274
127	2573320	post	803	1274
127	2588323	post	803	1274
127	2603329	post	803	1274
127	2618360	post	803	1274
127	2633371	post	803	1274
127	2648382	post	803	1274
127	2664448	post	803	1274
127	2678629	post	803	1274
127	2693745	post	803	1274
127	2708276	post	803	1274
127	2723286	post	803	1274
127	2738284	post	803	1274
127	2753379	post	803	1274
127	2768418	post	803	1274
127	2783528	post	803	1274
127	2798359	post	803	1274
127	2813362	post	803	1274
127	2828366	post	803	1274
127	2843394	post	803	1274
127	2858980	post	803	1274
127	2873871	post	803	1274
127	2888890	post	803	1274
127	2903925	post	803	1274
127	2919152	post	803	1274
127	2934274	post	803	1274
127	2948970	post	803	1274
127	2963949	post	803	1274
127	2979105	post	803	1274
127	2994016	post	803	1274
127	3009024	post	803	1274
127	3024014	post	803	1274
127	3039005	post	803	1274
127	3055716	post	803	1274
127	3069237	post	803	1274
127	3084040	post	803	1274
127	3099056	post	803	1274
127	3114120	post	803	1274
