127	1941881	post	804	1274
127	1956809	post	804	1274
127	1974278	post	804	1274
127	1986859	post	804	1274
127	2002163	post	804	1274
127	2017022	post	804	1274
127	2035416	post	804	1274
127	2055696	post	804	1274
127	2070853	post	804	1274
127	2087728	post	804	1274
127	2108073	post	804	1274
127	2128174	post	804	1274
127	2158671	post	804	1274
127	2173680	post	804	1274
127	2182492	post	804	1274
127	2198030	post	804	1274
127	2213684	post	804	1274
127	2228199	post	804	1274
127	2243111	post	804	1274
127	2258078	post	804	1274
127	2273102	post	804	1274
127	2288124	post	804	1274
127	2303142	post	804	1274
127	2318151	post	804	1274
127	2333177	post	804	1274
127	2348176	post	804	1274
127	2363199	post	804	1274
127	2378199	post	804	1274
127	2393201	post	804	1274
127	2408209	post	804	1274
127	2423222	post	804	1274
127	2438233	post	804	1274
127	2453273	post	804	1274
127	2468250	post	804	1274
127	2483260	post	804	1274
127	2498267	post	804	1274
127	2513280	post	804	1274
127	2528286	post	804	1274
127	2543297	post	804	1274
127	2558304	post	804	1274
127	2573320	post	804	1274
127	2588324	post	804	1274
127	2603330	post	804	1274
127	2618361	post	804	1274
127	2633371	post	804	1274
127	2648383	post	804	1274
127	2664449	post	804	1274
127	2678636	post	804	1274
127	2693746	post	804	1274
127	2708275	post	804	1274
127	2723286	post	804	1274
127	2738284	post	804	1274
127	2753380	post	804	1274
127	2768418	post	804	1274
127	2783528	post	804	1274
127	2798359	post	804	1274
127	2813363	post	804	1274
127	2828366	post	804	1274
127	2843393	post	804	1274
127	2858980	post	804	1274
127	2873872	post	804	1274
127	2888891	post	804	1274
127	2903925	post	804	1274
127	2919153	post	804	1274
127	2934274	post	804	1274
127	2948971	post	804	1274
127	2963949	post	804	1274
127	2979106	post	804	1274
127	2994015	post	804	1274
127	3009024	post	804	1274
127	3024015	post	804	1274
127	3039004	post	804	1274
127	3055717	post	804	1274
127	3069237	post	804	1274
127	3084042	post	804	1274
127	3099057	post	804	1274
127	3114119	post	804	1274
