127	1947830	post	806	1274
127	1962967	post	806	1274
127	1980142	post	806	1274
127	1994445	post	806	1274
127	2013480	post	806	1274
127	2024520	post	806	1274
127	2039398	post	806	1274
127	2054412	post	806	1274
127	2073322	post	806	1274
127	2087188	post	806	1274
127	2099786	post	806	1274
127	2116199	post	806	1274
127	2133577	post	806	1274
127	2147065	post	806	1274
127	2160199	post	806	1274
127	2175153	post	806	1274
127	2190282	post	806	1274
127	2205223	post	806	1274
127	2220537	post	806	1274
127	2235229	post	806	1274
127	2251594	post	806	1274
127	2265266	post	806	1274
127	2281421	post	806	1274
127	2295908	post	806	1274
127	2311011	post	806	1274
127	2325948	post	806	1274
127	2340943	post	806	1274
127	2355948	post	806	1274
127	2370977	post	806	1274
127	2385968	post	806	1274
127	2400989	post	806	1274
127	2415999	post	806	1274
127	2431007	post	806	1274
127	2446018	post	806	1274
127	2461069	post	806	1274
127	2476039	post	806	1274
127	2491067	post	806	1274
127	2506079	post	806	1274
127	2521108	post	806	1274
127	2536115	post	806	1274
127	2551120	post	806	1274
127	2566131	post	806	1274
127	2581138	post	806	1274
127	2596158	post	806	1274
127	2611162	post	806	1274
127	2626169	post	806	1274
127	2641190	post	806	1274
127	2656607	post	806	1274
127	2673541	post	806	1274
127	2688713	post	806	1274
127	2701546	post	806	1274
127	2716537	post	806	1274
127	2731546	post	806	1274
127	2746554	post	806	1274
127	2761570	post	806	1274
127	2776577	post	806	1274
127	2791592	post	806	1274
127	2806625	post	806	1274
127	2821667	post	806	1274
127	2836643	post	806	1274
127	2851649	post	806	1274
127	2866660	post	806	1274
127	2881673	post	806	1274
127	2896698	post	806	1274
127	2911688	post	806	1274
127	2926724	post	806	1274
127	2941731	post	806	1274
127	2956740	post	806	1274
127	2971949	post	806	1274
127	2986779	post	806	1274
127	3001776	post	806	1274
127	3016781	post	806	1274
127	3031792	post	806	1274
127	3046827	post	806	1274
127	3061864	post	806	1274
127	3076837	post	806	1274
127	3091844	post	806	1274
127	3106949	post	806	1274
127	3121968	post	806	1274
