127	1956469	post	808	1274
127	1963247	post	808	1274
127	1987388	post	808	1274
127	1992213	post	808	1274
127	2010233	post	808	1274
127	2023135	post	808	1274
127	2037465	post	808	1274
127	2049723	post	808	1274
127	2074307	post	808	1274
127	2104358	post	808	1274
127	2108612	post	808	1274
127	2113181	post	808	1274
127	2129271	post	808	1274
127	2143668	post	808	1274
127	2154534	post	808	1274
127	2168595	post	808	1274
127	2185333	post	808	1274
127	2198823	post	808	1274
127	2213642	post	808	1274
127	2229419	post	808	1274
127	2243614	post	808	1274
127	2258654	post	808	1274
127	2273620	post	808	1274
127	2288611	post	808	1274
127	2303631	post	808	1274
127	2318640	post	808	1274
127	2333630	post	808	1274
127	2348652	post	808	1274
127	2363650	post	808	1274
127	2378651	post	808	1274
127	2393678	post	808	1274
127	2408692	post	808	1274
127	2423685	post	808	1274
127	2438692	post	808	1274
127	2453723	post	808	1274
127	2469008	post	808	1274
127	2483698	post	808	1274
127	2498724	post	808	1274
127	2513707	post	808	1274
127	2528767	post	808	1274
127	2543724	post	808	1274
127	2558728	post	808	1274
127	2573764	post	808	1274
127	2588770	post	808	1274
127	2603761	post	808	1274
127	2618773	post	808	1274
127	2633768	post	808	1274
127	2648770	post	808	1274
127	2666446	post	808	1274
127	2680594	post	808	1274
127	2697768	post	808	1274
127	2710239	post	808	1274
127	2724777	post	808	1274
127	2740389	post	808	1274
127	2755117	post	808	1274
127	2769818	post	808	1274
127	2784924	post	808	1274
127	2799828	post	808	1274
127	2814871	post	808	1274
127	2829870	post	808	1274
127	2844866	post	808	1274
127	2859876	post	808	1274
127	2874876	post	808	1274
127	2889899	post	808	1274
127	2904901	post	808	1274
127	2919912	post	808	1274
127	2934963	post	808	1274
127	2949931	post	808	1274
127	2964943	post	808	1274
127	2979942	post	808	1274
127	2995049	post	808	1274
127	3009945	post	808	1274
127	3025059	post	808	1274
127	3040002	post	808	1274
127	3055565	post	808	1274
127	3070037	post	808	1274
127	3085311	post	808	1274
127	3100049	post	808	1274
127	3115251	post	808	1274
