127	1974283	post	829	1274
127	1986861	post	829	1274
127	2002164	post	829	1274
127	2017021	post	829	1274
127	2035417	post	829	1274
127	2055690	post	829	1274
127	2070855	post	829	1274
127	2087729	post	829	1274
127	2108075	post	829	1274
127	2128177	post	829	1274
127	2158674	post	829	1274
127	2173681	post	829	1274
127	2182493	post	829	1274
127	2198032	post	829	1274
127	2213685	post	829	1274
127	2228200	post	829	1274
127	2243112	post	829	1274
127	2258079	post	829	1274
127	2273103	post	829	1274
127	2288124	post	829	1274
127	2303144	post	829	1274
127	2318152	post	829	1274
127	2333179	post	829	1274
127	2348176	post	829	1274
127	2363200	post	829	1274
127	2378200	post	829	1274
127	2393202	post	829	1274
127	2408210	post	829	1274
127	2423224	post	829	1274
127	2438236	post	829	1274
127	2453271	post	829	1274
127	2468251	post	829	1274
127	2483260	post	829	1274
127	2498269	post	829	1274
127	2513281	post	829	1274
127	2528288	post	829	1274
127	2543298	post	829	1274
127	2558305	post	829	1274
127	2573321	post	829	1274
127	2588324	post	829	1274
127	2603331	post	829	1274
127	2618362	post	829	1274
127	2633373	post	829	1274
127	2648383	post	829	1274
127	2664449	post	829	1274
127	2678631	post	829	1274
127	2693746	post	829	1274
127	2708279	post	829	1274
127	2723287	post	829	1274
127	2738285	post	829	1274
127	2753380	post	829	1274
127	2768419	post	829	1274
127	2783529	post	829	1274
127	2798360	post	829	1274
127	2813364	post	829	1274
127	2828367	post	829	1274
127	2843395	post	829	1274
127	2858983	post	829	1274
127	2873872	post	829	1274
127	2888892	post	829	1274
127	2903926	post	829	1274
127	2919153	post	829	1274
127	2934274	post	829	1274
127	2948971	post	829	1274
127	2963950	post	829	1274
127	2979112	post	829	1274
127	2994016	post	829	1274
127	3009025	post	829	1274
127	3024016	post	829	1274
127	3039006	post	829	1274
127	3055719	post	829	1274
127	3069238	post	829	1274
127	3084042	post	829	1274
127	3099058	post	829	1274
127	3114121	post	829	1274
