1	2018023	post	833	751
1	2021238	post	833	751
1	2026142	post	833	751
1	2031219	post	833	751
1	2036142	post	833	751
1	2041132	post	833	751
1	2048985	post	833	751
1	2051156	post	833	751
1	2056529	post	833	751
1	2061111	post	833	751
1	2066143	post	833	751
1	2071142	post	833	751
1	2076489	post	833	751
1	2081019	post	833	751
1	2085831	post	833	751
1	2091173	post	833	751
1	2096129	post	833	751
1	2101154	post	833	751
1	2106189	post	833	751
1	2111200	post	833	751
1	2116150	post	833	751
1	2121172	post	833	751
1	2126134	post	833	751
1	2131659	post	833	751
1	2136345	post	833	751
1	2141086	post	833	751
1	2145844	post	833	751
1	2151195	post	833	751
1	2156026	post	833	751
1	2161299	post	833	751
1	2165798	post	833	751
1	2171135	post	833	751
1	2176092	post	833	751
1	2181156	post	833	751
1	2186135	post	833	751
1	2191325	post	833	751
1	2196136	post	833	751
1	2201145	post	833	751
1	2206772	post	833	751
1	2211269	post	833	751
1	2216136	post	833	751
1	2221148	post	833	751
1	2226453	post	833	751
1	2231260	post	833	751
1	2235830	post	833	751
1	2241102	post	833	751
1	2246236	post	833	751
1	2251128	post	833	751
1	2256163	post	833	751
1	2261409	post	833	751
1	2266162	post	833	751
1	2271146	post	833	751
1	2276147	post	833	751
1	2281190	post	833	751
1	2286160	post	833	751
1	2291150	post	833	751
1	2296117	post	833	751
1	2301137	post	833	751
1	2306167	post	833	751
1	2311132	post	833	751
1	2316147	post	833	751
1	2321137	post	833	751
1	2326143	post	833	751
1	2331148	post	833	751
1	2336128	post	833	751
1	2341130	post	833	751
1	2346140	post	833	751
1	2351138	post	833	751
1	2356156	post	833	751
1	2361148	post	833	751
1	2366138	post	833	751
1	2371147	post	833	751
1	2377253	post	833	751
1	2381138	post	833	751
1	2386151	post	833	751
1	2391139	post	833	751
1	2396139	post	833	751
1	2401158	post	833	751
1	2406229	post	833	751
1	2411149	post	833	751
1	2416152	post	833	751
1	2421139	post	833	751
1	2425831	post	833	751
1	2431209	post	833	751
1	2436149	post	833	751
1	2441140	post	833	751
1	2446158	post	833	751
1	2451140	post	833	751
1	2456170	post	833	751
1	2461188	post	833	751
1	2466140	post	833	751
1	2471241	post	833	751
1	2476238	post	833	751
1	2481140	post	833	751
1	2486150	post	833	751
1	2491159	post	833	751
1	2496131	post	833	751
1	2501141	post	833	751
1	2506191	post	833	751
1	2511574	post	833	751
1	2516151	post	833	751
1	2521159	post	833	751
1	2526131	post	833	751
1	2531132	post	833	751
1	2535980	post	833	751
1	2541131	post	833	751
1	2546131	post	833	751
1	2550990	post	833	751
1	2556131	post	833	751
1	2561131	post	833	751
1	2565992	post	833	751
1	2571141	post	833	751
1	2576131	post	833	751
1	2581140	post	833	751
1	2586132	post	833	751
1	2591142	post	833	751
1	2596001	post	833	751
1	2601132	post	833	751
1	2606132	post	833	751
1	2610991	post	833	751
1	2616152	post	833	751
1	2621132	post	833	751
1	2626021	post	833	751
1	2631142	post	833	751
1	2636133	post	833	751
1	2640774	post	833	751
1	2646210	post	833	751
1	2651133	post	833	751
1	2656012	post	833	751
1	2662443	post	833	751
1	2666235	post	833	751
1	2671973	post	833	751
1	2676133	post	833	751
1	2681075	post	833	751
1	2686227	post	833	751
1	2691144	post	833	751
1	2696156	post	833	751
1	2702395	post	833	751
1	2706649	post	833	751
1	2711135	post	833	751
1	2716658	post	833	751
1	2721144	post	833	751
1	2726134	post	833	751
1	2730795	post	833	751
1	2736135	post	833	751
1	2741182	post	833	751
1	2745995	post	833	751
1	2751139	post	833	751
1	2756135	post	833	751
1	2761005	post	833	751
1	2766223	post	833	751
1	2771485	post	833	751
1	2776135	post	833	751
1	2781710	post	833	751
1	2786135	post	833	751
1	2791097	post	833	751
1	2796275	post	833	751
1	2801135	post	833	751
1	2806344	post	833	751
1	2811146	post	833	751
1	2816145	post	833	751
1	2820986	post	833	751
1	2826136	post	833	751
1	2831175	post	833	751
1	2835997	post	833	751
1	2841136	post	833	751
1	2846147	post	833	751
1	2851996	post	833	751
1	2856693	post	833	751
1	2861174	post	833	751
1	2866201	post	833	751
1	2871198	post	833	751
1	2876137	post	833	751
1	2881158	post	833	751
1	2886764	post	833	751
1	2891154	post	833	751
1	2896485	post	833	751
1	2901137	post	833	751
1	2906137	post	833	751
1	2911148	post	833	751
1	2916138	post	833	751
1	2922050	post	833	751
1	2926148	post	833	751
1	2931171	post	833	751
1	2936927	post	833	751
1	2941308	post	833	751
1	2946141	post	833	751
1	2951370	post	833	751
1	2956424	post	833	751
1	2961147	post	833	751
1	2966138	post	833	751
1	2971672	post	833	751
1	2976139	post	833	751
1	2981222	post	833	751
1	2986140	post	833	751
1	2991143	post	833	751
1	2996149	post	833	751
1	3001388	post	833	751
1	3006218	post	833	751
1	3011139	post	833	751
1	3016264	post	833	751
1	3021143	post	833	751
1	3026393	post	833	751
1	3031286	post	833	751
1	3036269	post	833	751
1	3041000	post	833	751
1	3046161	post	833	751
1	3051140	post	833	751
1	3056413	post	833	751
1	3061493	post	833	751
1	3066146	post	833	751
1	3071595	post	833	751
1	3076147	post	833	751
1	3082617	post	833	751
1	3086983	post	833	751
1	3091163	post	833	751
1	3096141	post	833	751
1	3101171	post	833	751
1	3106141	post	833	751
1	3111279	post	833	751
1	3115781	post	833	751
1	3121151	post	833	751
1	3126298	post	833	751
1	3131314	post	833	751
