1	2017957	post	839	751
1	2020032	post	839	751
1	2024968	post	839	751
1	2029938	post	839	751
1	2035039	post	839	751
1	2040018	post	839	751
1	2044942	post	839	751
1	2049947	post	839	751
1	2054956	post	839	751
1	2059938	post	839	751
1	2064994	post	839	751
1	2069979	post	839	751
1	2074973	post	839	751
1	2080596	post	839	751
1	2085387	post	839	751
1	2090811	post	839	751
1	2094946	post	839	751
1	2100317	post	839	751
1	2104939	post	839	751
1	2109947	post	839	751
1	2114967	post	839	751
1	2120210	post	839	751
1	2124950	post	839	751
1	2129945	post	839	751
1	2134951	post	839	751
1	2140570	post	839	751
1	2145835	post	839	751
1	2150593	post	839	751
1	2155203	post	839	751
1	2160280	post	839	751
1	2165160	post	839	751
1	2170468	post	839	751
1	2174970	post	839	751
1	2180021	post	839	751
1	2185040	post	839	751
1	2189938	post	839	751
1	2194931	post	839	751
1	2199971	post	839	751
1	2204967	post	839	751
1	2209990	post	839	751
1	2214952	post	839	751
1	2219959	post	839	751
1	2226434	post	839	751
1	2230401	post	839	751
1	2235227	post	839	751
1	2240540	post	839	751
1	2245026	post	839	751
1	2250399	post	839	751
1	2254942	post	839	751
1	2260164	post	839	751
1	2264942	post	839	751
1	2269943	post	839	751
1	2274953	post	839	751
1	2279994	post	839	751
1	2284969	post	839	751
1	2289943	post	839	751
1	2294953	post	839	751
1	2299923	post	839	751
1	2304935	post	839	751
1	2310045	post	839	751
1	2314964	post	839	751
1	2319933	post	839	751
1	2324944	post	839	751
1	2330450	post	839	751
1	2334954	post	839	751
1	2339937	post	839	751
1	2345354	post	839	751
1	2349954	post	839	751
1	2355366	post	839	751
1	2359934	post	839	751
1	2364964	post	839	751
1	2369944	post	839	751
1	2374954	post	839	751
1	2380501	post	839	751
1	2384935	post	839	751
1	2389955	post	839	751
1	2394975	post	839	751
1	2399945	post	839	751
1	2404945	post	839	751
1	2409986	post	839	751
1	2414935	post	839	751
1	2419955	post	839	751
1	2425214	post	839	751
1	2429946	post	839	751
1	2434995	post	839	751
1	2439956	post	839	751
1	2445357	post	839	751
1	2449941	post	839	751
1	2454936	post	839	751
1	2459947	post	839	751
1	2464949	post	839	751
1	2469956	post	839	751
1	2474957	post	839	751
1	2479946	post	839	751
1	2485380	post	839	751
1	2489946	post	839	751
1	2494946	post	839	751
1	2499988	post	839	751
1	2504946	post	839	751
1	2509956	post	839	751
1	2515052	post	839	751
1	2519947	post	839	751
1	2525092	post	839	751
1	2529947	post	839	751
1	2534939	post	839	751
1	2539964	post	839	751
1	2544947	post	839	751
1	2549937	post	839	751
1	2554984	post	839	751
1	2559957	post	839	751
1	2564946	post	839	751
1	2569937	post	839	751
1	2574936	post	839	751
1	2579968	post	839	751
1	2584947	post	839	751
1	2589926	post	839	751
1	2594946	post	839	751
1	2599936	post	839	751
1	2604956	post	839	751
1	2609936	post	839	751
1	2614933	post	839	751
1	2619957	post	839	751
1	2624980	post	839	751
1	2629941	post	839	751
1	2634927	post	839	751
1	2640138	post	839	751
1	2644948	post	839	751
1	2649947	post	839	751
1	2654938	post	839	751
1	2660058	post	839	751
1	2665496	post	839	751
1	2670382	post	839	751
1	2674960	post	839	751
1	2679938	post	839	751
1	2685519	post	839	751
1	2690374	post	839	751
1	2695395	post	839	751
1	2699928	post	839	751
1	2706623	post	839	751
1	2709940	post	839	751
1	2715651	post	839	751
1	2719938	post	839	751
1	2725359	post	839	751
1	2729940	post	839	751
1	2734929	post	839	751
1	2740431	post	839	751
1	2744950	post	839	751
1	2749949	post	839	751
1	2755359	post	839	751
1	2759979	post	839	751
1	2764940	post	839	751
1	2771484	post	839	751
1	2774940	post	839	751
1	2780101	post	839	751
1	2785369	post	839	751
1	2789935	post	839	751
1	2795202	post	839	751
1	2800359	post	839	751
1	2805067	post	839	751
1	2809944	post	839	751
1	2815440	post	839	751
1	2819940	post	839	751
1	2824944	post	839	751
1	2830360	post	839	751
1	2835312	post	839	751
1	2840110	post	839	751
1	2845431	post	839	751
1	2849943	post	839	751
1	2855098	post	839	751
1	2860367	post	839	751
1	2865052	post	839	751
1	2869941	post	839	751
1	2875350	post	839	751
1	2879951	post	839	751
1	2884952	post	839	751
1	2890451	post	839	751
1	2894944	post	839	751
1	2899942	post	839	751
1	2905371	post	839	751
1	2909932	post	839	751
1	2914942	post	839	751
1	2920109	post	839	751
1	2925273	post	839	751
1	2930014	post	839	751
1	2935964	post	839	751
1	2940254	post	839	751
1	2944943	post	839	751
1	2950161	post	839	751
1	2956022	post	839	751
1	2959952	post	839	751
1	2965355	post	839	751
1	2969983	post	839	751
1	2974940	post	839	751
1	2980531	post	839	751
1	2985014	post	839	751
1	2990192	post	839	751
1	2995387	post	839	751
1	3001066	post	839	751
1	3004944	post	839	751
1	3010363	post	839	751
1	3016254	post	839	751
1	3019936	post	839	751
1	3025718	post	839	751
1	3030101	post	839	751
1	3034936	post	839	751
1	3039987	post	839	751
1	3044934	post	839	751
1	3050006	post	839	751
1	3055855	post	839	751
1	3060813	post	839	751
1	3064944	post	839	751
1	3069977	post	839	751
1	3074945	post	839	751
1	3080062	post	839	751
1	3085916	post	839	751
1	3089981	post	839	751
1	3094975	post	839	751
1	3099948	post	839	751
1	3104929	post	839	751
1	3110512	post	839	751
1	3115462	post	839	751
1	3119936	post	839	751
1	3125062	post	839	751
1	3129931	post	839	751
