1	2018062	post	857	751
1	2020040	post	857	751
1	2024995	post	857	751
1	2029950	post	857	751
1	2035051	post	857	751
1	2040025	post	857	751
1	2044964	post	857	751
1	2049953	post	857	751
1	2054961	post	857	751
1	2059943	post	857	751
1	2065000	post	857	751
1	2069985	post	857	751
1	2074978	post	857	751
1	2080602	post	857	751
1	2085395	post	857	751
1	2090829	post	857	751
1	2094968	post	857	751
1	2100323	post	857	751
1	2104947	post	857	751
1	2109952	post	857	751
1	2114973	post	857	751
1	2120215	post	857	751
1	2124955	post	857	751
1	2129950	post	857	751
1	2134956	post	857	751
1	2140578	post	857	751
1	2145841	post	857	751
1	2150609	post	857	751
1	2155208	post	857	751
1	2160284	post	857	751
1	2165166	post	857	751
1	2170473	post	857	751
1	2174974	post	857	751
1	2180026	post	857	751
1	2185046	post	857	751
1	2189962	post	857	751
1	2194936	post	857	751
1	2199975	post	857	751
1	2204972	post	857	751
1	2210002	post	857	751
1	2214957	post	857	751
1	2219964	post	857	751
1	2226439	post	857	751
1	2230409	post	857	751
1	2235235	post	857	751
1	2240545	post	857	751
1	2245030	post	857	751
1	2250403	post	857	751
1	2254947	post	857	751
1	2260167	post	857	751
1	2264947	post	857	751
1	2269947	post	857	751
1	2274958	post	857	751
1	2279999	post	857	751
1	2284974	post	857	751
1	2289948	post	857	751
1	2294959	post	857	751
1	2299928	post	857	751
1	2304939	post	857	751
1	2310049	post	857	751
1	2314968	post	857	751
1	2319938	post	857	751
1	2324951	post	857	751
1	2329848	post	857	751
1	2334959	post	857	751
1	2339941	post	857	751
1	2345359	post	857	751
1	2349960	post	857	751
1	2355386	post	857	751
1	2359938	post	857	751
1	2364969	post	857	751
1	2369949	post	857	751
1	2374959	post	857	751
1	2380506	post	857	751
1	2384939	post	857	751
1	2389959	post	857	751
1	2394980	post	857	751
1	2399949	post	857	751
1	2404950	post	857	751
1	2409991	post	857	751
1	2414941	post	857	751
1	2419960	post	857	751
1	2425219	post	857	751
1	2429954	post	857	751
1	2435000	post	857	751
1	2439962	post	857	751
1	2445306	post	857	751
1	2449947	post	857	751
1	2454940	post	857	751
1	2459951	post	857	751
1	2464954	post	857	751
1	2469961	post	857	751
1	2474962	post	857	751
1	2479950	post	857	751
1	2484967	post	857	751
1	2489951	post	857	751
1	2494951	post	857	751
1	2499994	post	857	751
1	2504951	post	857	751
1	2509961	post	857	751
1	2515056	post	857	751
1	2519952	post	857	751
1	2525097	post	857	751
1	2529953	post	857	751
1	2534943	post	857	751
1	2539968	post	857	751
1	2544952	post	857	751
1	2549942	post	857	751
1	2554990	post	857	751
1	2559962	post	857	751
1	2564950	post	857	751
1	2569943	post	857	751
1	2574940	post	857	751
1	2580203	post	857	751
1	2584952	post	857	751
1	2589930	post	857	751
1	2594951	post	857	751
1	2599941	post	857	751
1	2604962	post	857	751
1	2609941	post	857	751
1	2614937	post	857	751
1	2619962	post	857	751
1	2624984	post	857	751
1	2629946	post	857	751
1	2634931	post	857	751
1	2640144	post	857	751
1	2644954	post	857	751
1	2649952	post	857	751
1	2654942	post	857	751
1	2660063	post	857	751
1	2665502	post	857	751
1	2670387	post	857	751
1	2674964	post	857	751
1	2679943	post	857	751
1	2684884	post	857	751
1	2690378	post	857	751
1	2694984	post	857	751
1	2699932	post	857	751
1	2706643	post	857	751
1	2709945	post	857	751
1	2715656	post	857	751
1	2719943	post	857	751
1	2725363	post	857	751
1	2729947	post	857	751
1	2734935	post	857	751
1	2740435	post	857	751
1	2744954	post	857	751
1	2749953	post	857	751
1	2755364	post	857	751
1	2759983	post	857	751
1	2764946	post	857	751
1	2771489	post	857	751
1	2774946	post	857	751
1	2780105	post	857	751
1	2785376	post	857	751
1	2789940	post	857	751
1	2795206	post	857	751
1	2800364	post	857	751
1	2805071	post	857	751
1	2809949	post	857	751
1	2815447	post	857	751
1	2819945	post	857	751
1	2824948	post	857	751
1	2830364	post	857	751
1	2835317	post	857	751
1	2840116	post	857	751
1	2845436	post	857	751
1	2849948	post	857	751
1	2855103	post	857	751
1	2860372	post	857	751
1	2865057	post	857	751
1	2869946	post	857	751
1	2875355	post	857	751
1	2879956	post	857	751
1	2884956	post	857	751
1	2889790	post	857	751
1	2894950	post	857	751
1	2899949	post	857	751
1	2905376	post	857	751
1	2909938	post	857	751
1	2914947	post	857	751
1	2920114	post	857	751
1	2925279	post	857	751
1	2930018	post	857	751
1	2935968	post	857	751
1	2940258	post	857	751
1	2944948	post	857	751
1	2950166	post	857	751
1	2956032	post	857	751
1	2959957	post	857	751
1	2965360	post	857	751
1	2969988	post	857	751
1	2974945	post	857	751
1	2979938	post	857	751
1	2985019	post	857	751
1	2990198	post	857	751
1	2995392	post	857	751
1	3001071	post	857	751
1	3004949	post	857	751
1	3010367	post	857	751
1	3016262	post	857	751
1	3019941	post	857	751
1	3025722	post	857	751
1	3030105	post	857	751
1	3034940	post	857	751
1	3040002	post	857	751
1	3044939	post	857	751
1	3050013	post	857	751
1	3055872	post	857	751
1	3060817	post	857	751
1	3064949	post	857	751
1	3069985	post	857	751
1	3074949	post	857	751
1	3080067	post	857	751
1	3085925	post	857	751
1	3089986	post	857	751
1	3094980	post	857	751
1	3099958	post	857	751
1	3104934	post	857	751
1	3110517	post	857	751
1	3115155	post	857	751
1	3119940	post	857	751
1	3125068	post	857	751
1	3129937	post	857	751
