1	2018039	post	858	751
1	2020037	post	858	751
1	2024990	post	858	751
1	2029948	post	858	751
1	2035047	post	858	751
1	2040023	post	858	751
1	2044958	post	858	751
1	2049951	post	858	751
1	2054959	post	858	751
1	2059942	post	858	751
1	2064998	post	858	751
1	2069983	post	858	751
1	2074976	post	858	751
1	2080600	post	858	751
1	2085393	post	858	751
1	2090824	post	858	751
1	2094965	post	858	751
1	2100321	post	858	751
1	2104943	post	858	751
1	2109951	post	858	751
1	2114971	post	858	751
1	2120214	post	858	751
1	2124953	post	858	751
1	2129948	post	858	751
1	2134954	post	858	751
1	2140575	post	858	751
1	2145840	post	858	751
1	2150606	post	858	751
1	2155206	post	858	751
1	2160283	post	858	751
1	2165165	post	858	751
1	2170471	post	858	751
1	2174974	post	858	751
1	2180025	post	858	751
1	2185044	post	858	751
1	2189960	post	858	751
1	2194934	post	858	751
1	2199974	post	858	751
1	2204971	post	858	751
1	2210000	post	858	751
1	2214956	post	858	751
1	2219962	post	858	751
1	2226437	post	858	751
1	2230406	post	858	751
1	2235234	post	858	751
1	2240543	post	858	751
1	2245030	post	858	751
1	2250402	post	858	751
1	2254945	post	858	751
1	2260167	post	858	751
1	2264945	post	858	751
1	2269946	post	858	751
1	2274957	post	858	751
1	2279998	post	858	751
1	2284972	post	858	751
1	2289946	post	858	751
1	2294957	post	858	751
1	2299926	post	858	751
1	2304938	post	858	751
1	2310048	post	858	751
1	2314967	post	858	751
1	2319936	post	858	751
1	2324948	post	858	751
1	2329845	post	858	751
1	2334958	post	858	751
1	2339940	post	858	751
1	2345358	post	858	751
1	2349958	post	858	751
1	2355383	post	858	751
1	2359937	post	858	751
1	2364968	post	858	751
1	2369947	post	858	751
1	2374957	post	858	751
1	2380504	post	858	751
1	2384938	post	858	751
1	2389957	post	858	751
1	2394979	post	858	751
1	2399948	post	858	751
1	2404949	post	858	751
1	2409989	post	858	751
1	2414939	post	858	751
1	2419958	post	858	751
1	2425218	post	858	751
1	2429952	post	858	751
1	2434999	post	858	751
1	2439960	post	858	751
1	2445373	post	858	751
1	2449945	post	858	751
1	2454939	post	858	751
1	2459950	post	858	751
1	2464952	post	858	751
1	2469959	post	858	751
1	2474960	post	858	751
1	2479949	post	858	751
1	2484965	post	858	751
1	2489950	post	858	751
1	2494949	post	858	751
1	2499992	post	858	751
1	2504950	post	858	751
1	2509960	post	858	751
1	2515055	post	858	751
1	2519950	post	858	751
1	2525096	post	858	751
1	2529951	post	858	751
1	2534942	post	858	751
1	2539967	post	858	751
1	2544950	post	858	751
1	2549940	post	858	751
1	2554988	post	858	751
1	2559960	post	858	751
1	2564949	post	858	751
1	2569941	post	858	751
1	2574939	post	858	751
1	2579972	post	858	751
1	2584950	post	858	751
1	2589929	post	858	751
1	2594949	post	858	751
1	2599939	post	858	751
1	2604960	post	858	751
1	2609939	post	858	751
1	2614936	post	858	751
1	2619961	post	858	751
1	2624983	post	858	751
1	2629945	post	858	751
1	2634930	post	858	751
1	2640143	post	858	751
1	2644952	post	858	751
1	2649950	post	858	751
1	2654941	post	858	751
1	2660061	post	858	751
1	2665500	post	858	751
1	2670385	post	858	751
1	2674963	post	858	751
1	2679941	post	858	751
1	2684881	post	858	751
1	2690377	post	858	751
1	2694982	post	858	751
1	2699931	post	858	751
1	2706637	post	858	751
1	2709943	post	858	751
1	2715654	post	858	751
1	2719941	post	858	751
1	2725362	post	858	751
1	2729945	post	858	751
1	2734933	post	858	751
1	2740434	post	858	751
1	2744953	post	858	751
1	2749952	post	858	751
1	2755362	post	858	751
1	2759982	post	858	751
1	2764945	post	858	751
1	2771487	post	858	751
1	2774944	post	858	751
1	2780104	post	858	751
1	2785372	post	858	751
1	2789938	post	858	751
1	2795205	post	858	751
1	2800362	post	858	751
1	2805070	post	858	751
1	2809947	post	858	751
1	2815443	post	858	751
1	2819943	post	858	751
1	2824947	post	858	751
1	2830363	post	858	751
1	2835315	post	858	751
1	2840114	post	858	751
1	2845434	post	858	751
1	2849946	post	858	751
1	2855101	post	858	751
1	2860370	post	858	751
1	2865056	post	858	751
1	2869944	post	858	751
1	2875353	post	858	751
1	2879954	post	858	751
1	2884955	post	858	751
1	2890454	post	858	751
1	2894948	post	858	751
1	2899948	post	858	751
1	2905374	post	858	751
1	2909935	post	858	751
1	2914945	post	858	751
1	2920112	post	858	751
1	2925277	post	858	751
1	2930017	post	858	751
1	2935967	post	858	751
1	2940256	post	858	751
1	2944946	post	858	751
1	2950164	post	858	751
1	2956029	post	858	751
1	2959956	post	858	751
1	2965358	post	858	751
1	2969986	post	858	751
1	2974943	post	858	751
1	2979937	post	858	751
1	2985017	post	858	751
1	2990196	post	858	751
1	2995391	post	858	751
1	3001069	post	858	751
1	3004947	post	858	751
1	3010366	post	858	751
1	3016259	post	858	751
1	3019939	post	858	751
1	3025720	post	858	751
1	3030104	post	858	751
1	3034939	post	858	751
1	3039996	post	858	751
1	3044937	post	858	751
1	3050010	post	858	751
1	3055866	post	858	751
1	3060815	post	858	751
1	3064947	post	858	751
1	3069983	post	858	751
1	3074948	post	858	751
1	3080065	post	858	751
1	3085922	post	858	751
1	3089984	post	858	751
1	3094979	post	858	751
1	3099955	post	858	751
1	3104932	post	858	751
1	3110515	post	858	751
1	3115153	post	858	751
1	3119939	post	858	751
1	3125066	post	858	751
1	3129935	post	858	751
