127	2011380	post	863	1274
127	2025854	post	863	1274
127	2039683	post	863	1274
127	2054272	post	863	1274
127	2070767	post	863	1274
127	2084956	post	863	1274
127	2099401	post	863	1274
127	2114501	post	863	1274
127	2129686	post	863	1274
127	2144680	post	863	1274
127	2159533	post	863	1274
127	2174634	post	863	1274
127	2189977	post	863	1274
127	2204451	post	863	1274
127	2220866	post	863	1274
127	2234483	post	863	1274
127	2249491	post	863	1274
127	2264498	post	863	1274
127	2279518	post	863	1274
127	2297878	post	863	1274
127	2309698	post	863	1274
127	2324554	post	863	1274
127	2339544	post	863	1274
127	2354569	post	863	1274
127	2370770	post	863	1274
127	2384636	post	863	1274
127	2399636	post	863	1274
127	2414639	post	863	1274
127	2429650	post	863	1274
127	2444666	post	863	1274
127	2459684	post	863	1274
127	2474685	post	863	1274
127	2489694	post	863	1274
127	2504703	post	863	1274
127	2519853	post	863	1274
127	2534842	post	863	1274
127	2549869	post	863	1274
127	2564872	post	863	1274
127	2579885	post	863	1274
127	2594896	post	863	1274
127	2610070	post	863	1274
127	2624926	post	863	1274
127	2639947	post	863	1274
127	2655018	post	863	1274
127	2670226	post	863	1274
127	2684998	post	863	1274
127	2700705	post	863	1274
127	2715012	post	863	1274
127	2730034	post	863	1274
127	2745042	post	863	1274
127	2760083	post	863	1274
127	2775076	post	863	1274
127	2790072	post	863	1274
127	2805074	post	863	1274
127	2820108	post	863	1274
127	2835099	post	863	1274
127	2850109	post	863	1274
127	2865131	post	863	1274
127	2880126	post	863	1274
127	2895145	post	863	1274
127	2910158	post	863	1274
127	2925157	post	863	1274
127	2940176	post	863	1274
127	2955260	post	863	1274
127	2970239	post	863	1274
127	2985304	post	863	1274
127	3000216	post	863	1274
127	3015240	post	863	1274
127	3030822	post	863	1274
127	3045382	post	863	1274
127	3060263	post	863	1274
127	3075265	post	863	1274
127	3090288	post	863	1274
127	3105289	post	863	1274
127	3122085	post	863	1274
