127	2024513	post	905	1274
127	2039398	post	905	1274
127	2054412	post	905	1274
127	2073321	post	905	1274
127	2087188	post	905	1274
127	2099786	post	905	1274
127	2116199	post	905	1274
127	2133576	post	905	1274
127	2147064	post	905	1274
127	2160196	post	905	1274
127	2175152	post	905	1274
127	2190302	post	905	1274
127	2205222	post	905	1274
127	2220535	post	905	1274
127	2235228	post	905	1274
127	2251593	post	905	1274
127	2265267	post	905	1274
127	2281422	post	905	1274
127	2295908	post	905	1274
127	2311011	post	905	1274
127	2325946	post	905	1274
127	2340943	post	905	1274
127	2355947	post	905	1274
127	2370976	post	905	1274
127	2385967	post	905	1274
127	2400988	post	905	1274
127	2415997	post	905	1274
127	2431008	post	905	1274
127	2446018	post	905	1274
127	2461068	post	905	1274
127	2476038	post	905	1274
127	2491069	post	905	1274
127	2506080	post	905	1274
127	2521106	post	905	1274
127	2536114	post	905	1274
127	2551119	post	905	1274
127	2566130	post	905	1274
127	2581137	post	905	1274
127	2596158	post	905	1274
127	2611161	post	905	1274
127	2626168	post	905	1274
127	2641196	post	905	1274
127	2656606	post	905	1274
127	2673541	post	905	1274
127	2688712	post	905	1274
127	2701545	post	905	1274
127	2716536	post	905	1274
127	2731545	post	905	1274
127	2746553	post	905	1274
127	2761571	post	905	1274
127	2776575	post	905	1274
127	2791591	post	905	1274
127	2806624	post	905	1274
127	2821667	post	905	1274
127	2836643	post	905	1274
127	2851648	post	905	1274
127	2866659	post	905	1274
127	2881672	post	905	1274
127	2896696	post	905	1274
127	2911687	post	905	1274
127	2926724	post	905	1274
127	2941731	post	905	1274
127	2956740	post	905	1274
127	2971949	post	905	1274
127	2986778	post	905	1274
127	3001775	post	905	1274
127	3016780	post	905	1274
127	3031791	post	905	1274
127	3046826	post	905	1274
127	3061864	post	905	1274
127	3076836	post	905	1274
127	3091843	post	905	1274
127	3106949	post	905	1274
127	3121968	post	905	1274
