127	2133578	post	931	1274
127	2147065	post	931	1274
127	2160198	post	931	1274
127	2175152	post	931	1274
127	2190281	post	931	1274
127	2205222	post	931	1274
127	2220536	post	931	1274
127	2235229	post	931	1274
127	2251593	post	931	1274
127	2265267	post	931	1274
127	2281422	post	931	1274
127	2295908	post	931	1274
127	2311011	post	931	1274
127	2325946	post	931	1274
127	2340943	post	931	1274
127	2355948	post	931	1274
127	2370977	post	931	1274
127	2385967	post	931	1274
127	2400988	post	931	1274
127	2415998	post	931	1274
127	2431008	post	931	1274
127	2446018	post	931	1274
127	2461069	post	931	1274
127	2476038	post	931	1274
127	2491068	post	931	1274
127	2506079	post	931	1274
127	2521106	post	931	1274
127	2536114	post	931	1274
127	2551120	post	931	1274
127	2566131	post	931	1274
127	2581138	post	931	1274
127	2596159	post	931	1274
127	2611162	post	931	1274
127	2626168	post	931	1274
127	2641190	post	931	1274
127	2656606	post	931	1274
127	2673541	post	931	1274
127	2688713	post	931	1274
127	2701546	post	931	1274
127	2716536	post	931	1274
127	2731546	post	931	1274
127	2746553	post	931	1274
127	2761580	post	931	1274
127	2776577	post	931	1274
127	2791592	post	931	1274
127	2806624	post	931	1274
127	2821667	post	931	1274
127	2836643	post	931	1274
127	2851649	post	931	1274
127	2866659	post	931	1274
127	2881672	post	931	1274
127	2896696	post	931	1274
127	2911688	post	931	1274
127	2926724	post	931	1274
127	2941731	post	931	1274
127	2956740	post	931	1274
127	2971949	post	931	1274
127	2986778	post	931	1274
127	3001775	post	931	1274
127	3016780	post	931	1274
127	3031791	post	931	1274
127	3046826	post	931	1274
127	3061864	post	931	1274
127	3076836	post	931	1274
127	3091843	post	931	1274
127	3106949	post	931	1274
127	3121968	post	931	1274
