127	2159535	post	933	1274
127	2174635	post	933	1274
127	2189977	post	933	1274
127	2204452	post	933	1274
127	2220866	post	933	1274
127	2234485	post	933	1274
127	2249497	post	933	1274
127	2264499	post	933	1274
127	2279518	post	933	1274
127	2297888	post	933	1274
127	2309699	post	933	1274
127	2324555	post	933	1274
127	2339548	post	933	1274
127	2354570	post	933	1274
127	2370771	post	933	1274
127	2384636	post	933	1274
127	2399637	post	933	1274
127	2414640	post	933	1274
127	2429652	post	933	1274
127	2444667	post	933	1274
127	2459686	post	933	1274
127	2474687	post	933	1274
127	2489698	post	933	1274
127	2504704	post	933	1274
127	2519854	post	933	1274
127	2534842	post	933	1274
127	2549872	post	933	1274
127	2564873	post	933	1274
127	2579886	post	933	1274
127	2594897	post	933	1274
127	2610081	post	933	1274
127	2624926	post	933	1274
127	2639948	post	933	1274
127	2655020	post	933	1274
127	2670226	post	933	1274
127	2684999	post	933	1274
127	2700705	post	933	1274
127	2715013	post	933	1274
127	2730034	post	933	1274
127	2745043	post	933	1274
127	2760084	post	933	1274
127	2775077	post	933	1274
127	2790070	post	933	1274
127	2805075	post	933	1274
127	2820111	post	933	1274
127	2835100	post	933	1274
127	2850111	post	933	1274
127	2865132	post	933	1274
127	2880130	post	933	1274
127	2895145	post	933	1274
127	2910159	post	933	1274
127	2925159	post	933	1274
127	2940177	post	933	1274
127	2955262	post	933	1274
127	2970240	post	933	1274
127	2985305	post	933	1274
127	3000219	post	933	1274
127	3015238	post	933	1274
127	3030823	post	933	1274
127	3045383	post	933	1274
127	3060264	post	933	1274
127	3075266	post	933	1274
127	3090290	post	933	1274
127	3105290	post	933	1274
127	3122086	post	933	1274
