127	2160200	post	935	1274
127	2175153	post	935	1274
127	2190284	post	935	1274
127	2205223	post	935	1274
127	2220537	post	935	1274
127	2235229	post	935	1274
127	2251601	post	935	1274
127	2265267	post	935	1274
127	2281422	post	935	1274
127	2295909	post	935	1274
127	2311011	post	935	1274
127	2325948	post	935	1274
127	2340944	post	935	1274
127	2355948	post	935	1274
127	2370978	post	935	1274
127	2385967	post	935	1274
127	2400988	post	935	1274
127	2415999	post	935	1274
127	2431009	post	935	1274
127	2446019	post	935	1274
127	2461069	post	935	1274
127	2476042	post	935	1274
127	2491069	post	935	1274
127	2506080	post	935	1274
127	2521107	post	935	1274
127	2536115	post	935	1274
127	2551135	post	935	1274
127	2566131	post	935	1274
127	2581137	post	935	1274
127	2596160	post	935	1274
127	2611162	post	935	1274
127	2626167	post	935	1274
127	2641189	post	935	1274
127	2656606	post	935	1274
127	2673545	post	935	1274
127	2688716	post	935	1274
127	2701546	post	935	1274
127	2716535	post	935	1274
127	2731547	post	935	1274
127	2746556	post	935	1274
127	2761570	post	935	1274
127	2776577	post	935	1274
127	2791592	post	935	1274
127	2806625	post	935	1274
127	2821668	post	935	1274
127	2836644	post	935	1274
127	2851649	post	935	1274
127	2866661	post	935	1274
127	2881673	post	935	1274
127	2896697	post	935	1274
127	2911689	post	935	1274
127	2926725	post	935	1274
127	2941731	post	935	1274
127	2956740	post	935	1274
127	2971950	post	935	1274
127	2986780	post	935	1274
127	3001776	post	935	1274
127	3016781	post	935	1274
127	3031792	post	935	1274
127	3046827	post	935	1274
127	3061865	post	935	1274
127	3076837	post	935	1274
127	3091845	post	935	1274
127	3106950	post	935	1274
127	3121969	post	935	1274
