1	2018040	post	957	254
1	2021923	post	957	254
1	2026883	post	957	254
1	2032183	post	957	254
1	2037072	post	957	254
1	2041914	post	957	254
1	2049023	post	957	254
1	2051935	post	957	254
1	2056911	post	957	254
1	2061807	post	957	254
1	2066893	post	957	254
1	2071879	post	957	254
1	2076909	post	957	254
1	2081814	post	957	254
1	2086876	post	957	254
1	2092028	post	957	254
1	2096887	post	957	254
1	2101881	post	957	254
1	2106972	post	957	254
1	2111895	post	957	254
1	2117123	post	957	254
1	2121996	post	957	254
1	2126888	post	957	254
1	2131930	post	957	254
1	2136800	post	957	254
1	2141866	post	957	254
1	2146885	post	957	254
1	2152362	post	957	254
1	2156901	post	957	254
1	2161913	post	957	254
1	2166939	post	957	254
1	2171875	post	957	254
1	2177540	post	957	254
1	2183091	post	957	254
1	2187046	post	957	254
1	2191910	post	957	254
1	2196885	post	957	254
1	2201886	post	957	254
1	2208665	post	957	254
1	2212528	post	957	254
1	2216896	post	957	254
1	2221891	post	957	254
1	2228351	post	957	254
1	2232107	post	957	254
1	2237129	post	957	254
1	2241914	post	957	254
1	2246931	post	957	254
1	2251897	post	957	254
1	2256914	post	957	254
1	2262087	post	957	254
1	2266887	post	957	254
1	2272206	post	957	254
1	2276900	post	957	254
1	2281888	post	957	254
1	2286917	post	957	254
1	2291888	post	957	254
1	2297069	post	957	254
1	2301898	post	957	254
1	2306877	post	957	254
1	2311898	post	957	254
1	2316914	post	957	254
1	2321914	post	957	254
1	2326885	post	957	254
1	2331902	post	957	254
1	2336899	post	957	254
1	2341899	post	957	254
1	2346906	post	957	254
1	2351899	post	957	254
1	2356979	post	957	254
1	2361896	post	957	254
1	2366878	post	957	254
1	2371889	post	957	254
1	2377255	post	957	254
1	2381884	post	957	254
1	2386878	post	957	254
1	2391909	post	957	254
1	2396889	post	957	254
1	2401900	post	957	254
1	2406906	post	957	254
1	2411890	post	957	254
1	2416879	post	957	254
1	2421899	post	957	254
1	2427235	post	957	254
1	2431891	post	957	254
1	2436908	post	957	254
1	2441881	post	957	254
1	2446916	post	957	254
1	2451908	post	957	254
1	2457001	post	957	254
1	2462213	post	957	254
1	2467072	post	957	254
1	2471880	post	957	254
1	2476871	post	957	254
1	2481899	post	957	254
1	2486891	post	957	254
1	2491891	post	957	254
1	2496901	post	957	254
1	2501870	post	957	254
1	2506870	post	957	254
1	2512069	post	957	254
1	2516871	post	957	254
1	2521885	post	957	254
1	2526904	post	957	254
1	2531882	post	957	254
1	2536882	post	957	254
1	2541882	post	957	254
1	2546932	post	957	254
1	2551882	post	957	254
1	2556888	post	957	254
1	2561881	post	957	254
1	2566892	post	957	254
1	2571892	post	957	254
1	2577040	post	957	254
1	2581882	post	957	254
1	2586882	post	957	254
1	2591892	post	957	254
1	2596882	post	957	254
1	2601882	post	957	254
1	2606892	post	957	254
1	2611882	post	957	254
1	2616883	post	957	254
1	2621883	post	957	254
1	2626883	post	957	254
1	2631883	post	957	254
1	2636883	post	957	254
1	2641893	post	957	254
1	2647294	post	957	254
1	2651895	post	957	254
1	2656894	post	957	254
1	2662454	post	957	254
1	2666893	post	957	254
1	2671997	post	957	254
1	2676875	post	957	254
1	2682372	post	957	254
1	2686874	post	957	254
1	2691884	post	957	254
1	2696874	post	957	254
1	2702402	post	957	254
1	2707282	post	957	254
1	2711886	post	957	254
1	2717716	post	957	254
1	2721894	post	957	254
1	2726884	post	957	254
1	2731937	post	957	254
1	2736896	post	957	254
1	2741895	post	957	254
1	2746885	post	957	254
1	2751885	post	957	254
1	2756895	post	957	254
1	2761885	post	957	254
1	2766885	post	957	254
1	2771952	post	957	254
1	2776876	post	957	254
1	2781889	post	957	254
1	2787275	post	957	254
1	2791885	post	957	254
1	2796897	post	957	254
1	2801914	post	957	254
1	2806881	post	957	254
1	2811887	post	957	254
1	2817311	post	957	254
1	2821886	post	957	254
1	2826876	post	957	254
1	2831886	post	957	254
1	2836886	post	957	254
1	2841897	post	957	254
1	2846887	post	957	254
1	2852003	post	957	254
1	2857161	post	957	254
1	2862203	post	957	254
1	2867078	post	957	254
1	2871887	post	957	254
1	2876955	post	957	254
1	2881877	post	957	254
1	2886920	post	957	254
1	2891887	post	957	254
1	2896912	post	957	254
1	2901888	post	957	254
1	2906898	post	957	254
1	2911905	post	957	254
1	2916908	post	957	254
1	2922060	post	957	254
1	2927187	post	957	254
1	2931888	post	957	254
1	2936936	post	957	254
1	2941795	post	957	254
1	2946888	post	957	254
1	2951941	post	957	254
1	2956889	post	957	254
1	2961879	post	957	254
1	2966899	post	957	254
1	2972015	post	957	254
1	2976889	post	957	254
1	2981889	post	957	254
1	2987316	post	957	254
1	2991899	post	957	254
1	2997231	post	957	254
1	3001879	post	957	254
1	3006891	post	957	254
1	3013123	post	957	254
1	3017145	post	957	254
1	3021890	post	957	254
1	3027074	post	957	254
1	3031890	post	957	254
1	3036890	post	957	254
1	3041880	post	957	254
1	3047465	post	957	254
1	3053634	post	957	254
1	3056965	post	957	254
1	3062011	post	957	254
1	3066888	post	957	254
1	3071940	post	957	254
1	3076775	post	957	254
1	3082628	post	957	254
1	3086985	post	957	254
1	3091884	post	957	254
1	3096871	post	957	254
1	3101894	post	957	254
1	3107122	post	957	254
1	3112398	post	957	254
1	3116872	post	957	254
1	3122148	post	957	254
1	3126882	post	957	254
1	3132495	post	957	254
