1	2018075	post	959	254
1	2018556	post	959	254
1	2023523	post	959	254
1	2028563	post	959	254
1	2033365	post	959	254
1	2038615	post	959	254
1	2043568	post	959	254
1	2049008	post	959	254
1	2053611	post	959	254
1	2058540	post	959	254
1	2063177	post	959	254
1	2068523	post	959	254
1	2073526	post	959	254
1	2078287	post	959	254
1	2083591	post	959	254
1	2088554	post	959	254
1	2093530	post	959	254
1	2098534	post	959	254
1	2103524	post	959	254
1	2108547	post	959	254
1	2113663	post	959	254
1	2118594	post	959	254
1	2123551	post	959	254
1	2128683	post	959	254
1	2133545	post	959	254
1	2138638	post	959	254
1	2144763	post	959	254
1	2148526	post	959	254
1	2154081	post	959	254
1	2160260	post	959	254
1	2163868	post	959	254
1	2168324	post	959	254
1	2173576	post	959	254
1	2179215	post	959	254
1	2183535	post	959	254
1	2188538	post	959	254
1	2193548	post	959	254
1	2198546	post	959	254
1	2203546	post	959	254
1	2208683	post	959	254
1	2214204	post	959	254
1	2218627	post	959	254
1	2223720	post	959	254
1	2228656	post	959	254
1	2233570	post	959	254
1	2238806	post	959	254
1	2243774	post	959	254
1	2248575	post	959	254
1	2253529	post	959	254
1	2258548	post	959	254
1	2263555	post	959	254
1	2268537	post	959	254
1	2273550	post	959	254
1	2278649	post	959	254
1	2283731	post	959	254
1	2288578	post	959	254
1	2293541	post	959	254
1	2298527	post	959	254
1	2303418	post	959	254
1	2308785	post	959	254
1	2313528	post	959	254
1	2318508	post	959	254
1	2323534	post	959	254
1	2333464	post	959	254
1	2338517	post	959	254
1	2343528	post	959	254
1	2348448	post	959	254
1	2354143	post	959	254
1	2358528	post	959	254
1	2363448	post	959	254
1	2368518	post	959	254
1	2373518	post	959	254
1	2378587	post	959	254
1	2383529	post	959	254
1	2388428	post	959	254
1	2393469	post	959	254
1	2398529	post	959	254
1	2403553	post	959	254
1	2408489	post	959	254
1	2413545	post	959	254
1	2418531	post	959	254
1	2423510	post	959	254
1	2428530	post	959	254
1	2433521	post	959	254
1	2438520	post	959	254
1	2443601	post	959	254
1	2448520	post	959	254
1	2453522	post	959	254
1	2458582	post	959	254
1	2463520	post	959	254
1	2468532	post	959	254
1	2473632	post	959	254
1	2478666	post	959	254
1	2483552	post	959	254
1	2488541	post	959	254
1	2493531	post	959	254
1	2498553	post	959	254
1	2503541	post	959	254
1	2508531	post	959	254
1	2513554	post	959	254
1	2518532	post	959	254
1	2523534	post	959	254
1	2528543	post	959	254
1	2533522	post	959	254
1	2538527	post	959	254
1	2543543	post	959	254
1	2548522	post	959	254
1	2553532	post	959	254
1	2558533	post	959	254
1	2563521	post	959	254
1	2568521	post	959	254
1	2573533	post	959	254
1	2578787	post	959	254
1	2583532	post	959	254
1	2588543	post	959	254
1	2593532	post	959	254
1	2598522	post	959	254
1	2603544	post	959	254
1	2608532	post	959	254
1	2613532	post	959	254
1	2618544	post	959	254
1	2623532	post	959	254
1	2628543	post	959	254
1	2633544	post	959	254
1	2638533	post	959	254
1	2643534	post	959	254
1	2648545	post	959	254
1	2653523	post	959	254
1	2658523	post	959	254
1	2664038	post	959	254
1	2668525	post	959	254
1	2673523	post	959	254
1	2678566	post	959	254
1	2689465	post	959	254
1	2694036	post	959	254
1	2698542	post	959	254
1	2704464	post	959	254
1	2708216	post	959	254
1	2713544	post	959	254
1	2718631	post	959	254
1	2723529	post	959	254
1	2728526	post	959	254
1	2733527	post	959	254
1	2738546	post	959	254
1	2743395	post	959	254
1	2748827	post	959	254
1	2753538	post	959	254
1	2758535	post	959	254
1	2763541	post	959	254
1	2768536	post	959	254
1	2773609	post	959	254
1	2778525	post	959	254
1	2783535	post	959	254
1	2788536	post	959	254
1	2793546	post	959	254
1	2798537	post	959	254
1	2803538	post	959	254
1	2808536	post	959	254
1	2813552	post	959	254
1	2818572	post	959	254
1	2823536	post	959	254
1	2828536	post	959	254
1	2833526	post	959	254
1	2838557	post	959	254
1	2843537	post	959	254
1	2848530	post	959	254
1	2853540	post	959	254
1	2858547	post	959	254
1	2863539	post	959	254
1	2868535	post	959	254
1	2873537	post	959	254
1	2878527	post	959	254
1	2883819	post	959	254
1	2888538	post	959	254
1	2893544	post	959	254
1	2898538	post	959	254
1	2903528	post	959	254
1	2908528	post	959	254
1	2913528	post	959	254
1	2918590	post	959	254
1	2924686	post	959	254
1	2930001	post	959	254
1	2933529	post	959	254
1	2938686	post	959	254
1	2943528	post	959	254
1	2948518	post	959	254
1	2953535	post	959	254
1	2958556	post	959	254
1	2963589	post	959	254
1	2968518	post	959	254
1	2973518	post	959	254
1	2978531	post	959	254
1	2983852	post	959	254
1	2989192	post	959	254
1	2994915	post	959	254
1	2999441	post	959	254
1	3003529	post	959	254
1	3008530	post	959	254
1	3014550	post	959	254
1	3018530	post	959	254
1	3023672	post	959	254
1	3028522	post	959	254
1	3033523	post	959	254
1	3038326	post	959	254
1	3044316	post	959	254
1	3048520	post	959	254
1	3053645	post	959	254
1	3059722	post	959	254
1	3063545	post	959	254
1	3069623	post	959	254
1	3073522	post	959	254
1	3078531	post	959	254
1	3083871	post	959	254
1	3088817	post	959	254
1	3093541	post	959	254
1	3098531	post	959	254
1	3103531	post	959	254
1	3108566	post	959	254
1	3113959	post	959	254
1	3118756	post	959	254
1	3124743	post	959	254
1	3128522	post	959	254
