1	2018046	post	967	254
1	2020039	post	967	254
1	2024993	post	967	254
1	2029591	post	967	254
1	2035049	post	967	254
1	2039639	post	967	254
1	2044488	post	967	254
1	2049482	post	967	254
1	2054479	post	967	254
1	2059486	post	967	254
1	2064525	post	967	254
1	2069479	post	967	254
1	2074489	post	967	254
1	2079489	post	967	254
1	2084639	post	967	254
1	2089490	post	967	254
1	2094624	post	967	254
1	2099501	post	967	254
1	2104502	post	967	254
1	2109904	post	967	254
1	2114611	post	967	254
1	2119487	post	967	254
1	2124739	post	967	254
1	2129498	post	967	254
1	2134510	post	967	254
1	2140028	post	967	254
1	2144777	post	967	254
1	2149488	post	967	254
1	2154588	post	967	254
1	2160272	post	967	254
1	2164540	post	967	254
1	2169742	post	967	254
1	2174570	post	967	254
1	2179518	post	967	254
1	2184489	post	967	254
1	2189810	post	967	254
1	2194490	post	967	254
1	2199499	post	967	254
1	2204500	post	967	254
1	2209491	post	967	254
1	2214804	post	967	254
1	2219492	post	967	254
1	2226426	post	967	254
1	2229983	post	967	254
1	2234563	post	967	254
1	2240051	post	967	254
1	2244684	post	967	254
1	2250397	post	967	254
1	2254525	post	967	254
1	2259735	post	967	254
1	2264501	post	967	254
1	2269541	post	967	254
1	2274494	post	967	254
1	2279491	post	967	254
1	2284702	post	967	254
1	2289501	post	967	254
1	2294492	post	967	254
1	2299481	post	967	254
1	2304481	post	967	254
1	2310027	post	967	254
1	2314504	post	967	254
1	2319481	post	967	254
1	2324950	post	967	254
1	2329846	post	967	254
1	2334493	post	967	254
1	2339485	post	967	254
1	2344738	post	967	254
1	2349492	post	967	254
1	2354756	post	967	254
1	2359482	post	967	254
1	2364482	post	967	254
1	2369493	post	967	254
1	2374483	post	967	254
1	2379576	post	967	254
1	2384482	post	967	254
1	2389482	post	967	254
1	2394512	post	967	254
1	2399492	post	967	254
1	2404493	post	967	254
1	2409493	post	967	254
1	2414525	post	967	254
1	2419493	post	967	254
1	2424593	post	967	254
1	2429493	post	967	254
1	2434493	post	967	254
1	2439496	post	967	254
1	2444486	post	967	254
1	2449493	post	967	254
1	2454493	post	967	254
1	2459513	post	967	254
1	2464483	post	967	254
1	2469494	post	967	254
1	2474484	post	967	254
1	2479484	post	967	254
1	2484495	post	967	254
1	2489484	post	967	254
1	2494484	post	967	254
1	2499570	post	967	254
1	2504494	post	967	254
1	2509495	post	967	254
1	2514494	post	967	254
1	2519484	post	967	254
1	2524485	post	967	254
1	2529485	post	967	254
1	2534518	post	967	254
1	2539495	post	967	254
1	2544495	post	967	254
1	2549487	post	967	254
1	2554517	post	967	254
1	2559495	post	967	254
1	2564485	post	967	254
1	2569495	post	967	254
1	2574495	post	967	254
1	2579487	post	967	254
1	2584495	post	967	254
1	2589485	post	967	254
1	2594495	post	967	254
1	2599495	post	967	254
1	2604476	post	967	254
1	2609486	post	967	254
1	2614496	post	967	254
1	2619496	post	967	254
1	2624533	post	967	254
1	2629496	post	967	254
1	2634486	post	967	254
1	2639588	post	967	254
1	2644513	post	967	254
1	2649476	post	967	254
1	2654636	post	967	254
1	2659879	post	967	254
1	2664740	post	967	254
1	2670375	post	967	254
1	2674477	post	967	254
1	2679487	post	967	254
1	2684883	post	967	254
1	2690366	post	967	254
1	2694493	post	967	254
1	2699497	post	967	254
1	2704487	post	967	254
1	2709497	post	967	254
1	2715644	post	967	254
1	2719563	post	967	254
1	2724733	post	967	254
1	2729490	post	967	254
1	2734479	post	967	254
1	2739734	post	967	254
1	2744486	post	967	254
1	2749721	post	967	254
1	2754767	post	967	254
1	2759490	post	967	254
1	2764601	post	967	254
1	2770032	post	967	254
1	2774495	post	967	254
1	2779489	post	967	254
1	2784733	post	967	254
1	2789479	post	967	254
1	2794609	post	967	254
1	2799732	post	967	254
1	2804489	post	967	254
1	2809489	post	967	254
1	2815445	post	967	254
1	2819479	post	967	254
1	2824490	post	967	254
1	2829733	post	967	254
1	2834498	post	967	254
1	2839479	post	967	254
1	2845427	post	967	254
1	2849699	post	967	254
1	2854486	post	967	254
1	2859733	post	967	254
1	2864485	post	967	254
1	2869500	post	967	254
1	2874735	post	967	254
1	2879491	post	967	254
1	2884501	post	967	254
1	2889790	post	967	254
1	2894491	post	967	254
1	2899491	post	967	254
1	2904734	post	967	254
1	2909491	post	967	254
1	2914492	post	967	254
1	2920102	post	967	254
1	2924709	post	967	254
1	2930006	post	967	254
1	2934759	post	967	254
1	2940246	post	967	254
1	2944482	post	967	254
1	2949502	post	967	254
1	2956030	post	967	254
1	2959729	post	967	254
1	2964726	post	967	254
1	2969492	post	967	254
1	2974492	post	967	254
1	2979927	post	967	254
1	2984565	post	967	254
1	2990185	post	967	254
1	2994943	post	967	254
1	3001059	post	967	254
1	3004633	post	967	254
1	3009737	post	967	254
1	3016261	post	967	254
1	3019493	post	967	254
1	3024737	post	967	254
1	3029695	post	967	254
1	3034489	post	967	254
1	3039486	post	967	254
1	3044493	post	967	254
1	3049583	post	967	254
1	3055868	post	967	254
1	3059745	post	967	254
1	3064494	post	967	254
1	3069984	post	967	254
1	3074484	post	967	254
1	3079553	post	967	254
1	3085924	post	967	254
1	3089796	post	967	254
1	3094579	post	967	254
1	3099957	post	967	254
1	3104484	post	967	254
1	3109614	post	967	254
1	3114459	post	967	254
1	3119485	post	967	254
1	3124749	post	967	254
1	3129620	post	967	254
