1	2018012	post	969	254
1	2020037	post	969	254
1	2024985	post	969	254
1	2029589	post	969	254
1	2035045	post	969	254
1	2039637	post	969	254
1	2044486	post	969	254
1	2049480	post	969	254
1	2054477	post	969	254
1	2059484	post	969	254
1	2064523	post	969	254
1	2069476	post	969	254
1	2074487	post	969	254
1	2079488	post	969	254
1	2084638	post	969	254
1	2089489	post	969	254
1	2094619	post	969	254
1	2099499	post	969	254
1	2104500	post	969	254
1	2109902	post	969	254
1	2114971	post	969	254
1	2119486	post	969	254
1	2124737	post	969	254
1	2129496	post	969	254
1	2134508	post	969	254
1	2140026	post	969	254
1	2144775	post	969	254
1	2149486	post	969	254
1	2154583	post	969	254
1	2160271	post	969	254
1	2164537	post	969	254
1	2169740	post	969	254
1	2174567	post	969	254
1	2179513	post	969	254
1	2184487	post	969	254
1	2189809	post	969	254
1	2194488	post	969	254
1	2199497	post	969	254
1	2204499	post	969	254
1	2209489	post	969	254
1	2214802	post	969	254
1	2219490	post	969	254
1	2226424	post	969	254
1	2229981	post	969	254
1	2234560	post	969	254
1	2240049	post	969	254
1	2244682	post	969	254
1	2250394	post	969	254
1	2254523	post	969	254
1	2259733	post	969	254
1	2264496	post	969	254
1	2269538	post	969	254
1	2274492	post	969	254
1	2279490	post	969	254
1	2284700	post	969	254
1	2289499	post	969	254
1	2294490	post	969	254
1	2299479	post	969	254
1	2304479	post	969	254
1	2310025	post	969	254
1	2314501	post	969	254
1	2319479	post	969	254
1	2324948	post	969	254
1	2329845	post	969	254
1	2334491	post	969	254
1	2339483	post	969	254
1	2344736	post	969	254
1	2349490	post	969	254
1	2354754	post	969	254
1	2359480	post	969	254
1	2364481	post	969	254
1	2369491	post	969	254
1	2374481	post	969	254
1	2379575	post	969	254
1	2384481	post	969	254
1	2389481	post	969	254
1	2394511	post	969	254
1	2399491	post	969	254
1	2404491	post	969	254
1	2409491	post	969	254
1	2414524	post	969	254
1	2419491	post	969	254
1	2424590	post	969	254
1	2429492	post	969	254
1	2434491	post	969	254
1	2439494	post	969	254
1	2444485	post	969	254
1	2449492	post	969	254
1	2454492	post	969	254
1	2459512	post	969	254
1	2464482	post	969	254
1	2469492	post	969	254
1	2474482	post	969	254
1	2479482	post	969	254
1	2484493	post	969	254
1	2489483	post	969	254
1	2494483	post	969	254
1	2499992	post	969	254
1	2504493	post	969	254
1	2509494	post	969	254
1	2514493	post	969	254
1	2519483	post	969	254
1	2524483	post	969	254
1	2529484	post	969	254
1	2534516	post	969	254
1	2539493	post	969	254
1	2544493	post	969	254
1	2549485	post	969	254
1	2554515	post	969	254
1	2559493	post	969	254
1	2564483	post	969	254
1	2569493	post	969	254
1	2574493	post	969	254
1	2579486	post	969	254
1	2584494	post	969	254
1	2589484	post	969	254
1	2594493	post	969	254
1	2599494	post	969	254
1	2604474	post	969	254
1	2609484	post	969	254
1	2614494	post	969	254
1	2619494	post	969	254
1	2624528	post	969	254
1	2629495	post	969	254
1	2634484	post	969	254
1	2639587	post	969	254
1	2644511	post	969	254
1	2649475	post	969	254
1	2654635	post	969	254
1	2659877	post	969	254
1	2664738	post	969	254
1	2670373	post	969	254
1	2674475	post	969	254
1	2679485	post	969	254
1	2684881	post	969	254
1	2690365	post	969	254
1	2694491	post	969	254
1	2699496	post	969	254
1	2704486	post	969	254
1	2709495	post	969	254
1	2715642	post	969	254
1	2719561	post	969	254
1	2724731	post	969	254
1	2729488	post	969	254
1	2734477	post	969	254
1	2739732	post	969	254
1	2744485	post	969	254
1	2749719	post	969	254
1	2754765	post	969	254
1	2759489	post	969	254
1	2764945	post	969	254
1	2770030	post	969	254
1	2774491	post	969	254
1	2779488	post	969	254
1	2784731	post	969	254
1	2789477	post	969	254
1	2794608	post	969	254
1	2799731	post	969	254
1	2804488	post	969	254
1	2809488	post	969	254
1	2815439	post	969	254
1	2819478	post	969	254
1	2824488	post	969	254
1	2829731	post	969	254
1	2834496	post	969	254
1	2839478	post	969	254
1	2845425	post	969	254
1	2849698	post	969	254
1	2854484	post	969	254
1	2859732	post	969	254
1	2864483	post	969	254
1	2869499	post	969	254
1	2874734	post	969	254
1	2879489	post	969	254
1	2884499	post	969	254
1	2889788	post	969	254
1	2894490	post	969	254
1	2899489	post	969	254
1	2904732	post	969	254
1	2909489	post	969	254
1	2914490	post	969	254
1	2920100	post	969	254
1	2924707	post	969	254
1	2930004	post	969	254
1	2934755	post	969	254
1	2940244	post	969	254
1	2944480	post	969	254
1	2949500	post	969	254
1	2956026	post	969	254
1	2959728	post	969	254
1	2964724	post	969	254
1	2969491	post	969	254
1	2974491	post	969	254
1	2979936	post	969	254
1	2984563	post	969	254
1	2990183	post	969	254
1	2994941	post	969	254
1	3001057	post	969	254
1	3004632	post	969	254
1	3009735	post	969	254
1	3016253	post	969	254
1	3019492	post	969	254
1	3024735	post	969	254
1	3029693	post	969	254
1	3034487	post	969	254
1	3039485	post	969	254
1	3044492	post	969	254
1	3049581	post	969	254
1	3055861	post	969	254
1	3059743	post	969	254
1	3064492	post	969	254
1	3069982	post	969	254
1	3074482	post	969	254
1	3079552	post	969	254
1	3085921	post	969	254
1	3089794	post	969	254
1	3094576	post	969	254
1	3099954	post	969	254
1	3104483	post	969	254
1	3109613	post	969	254
1	3115153	post	969	254
1	3119483	post	969	254
1	3124747	post	969	254
1	3129935	post	969	254
