1	2018044	post	971	254
1	2020038	post	971	254
1	2024992	post	971	254
1	2029949	post	971	254
1	2035049	post	971	254
1	2040023	post	971	254
1	2044959	post	971	254
1	2049952	post	971	254
1	2054960	post	971	254
1	2059942	post	971	254
1	2064999	post	971	254
1	2069984	post	971	254
1	2074977	post	971	254
1	2080601	post	971	254
1	2085394	post	971	254
1	2090825	post	971	254
1	2094966	post	971	254
1	2100322	post	971	254
1	2104947	post	971	254
1	2109951	post	971	254
1	2114973	post	971	254
1	2120214	post	971	254
1	2124954	post	971	254
1	2129949	post	971	254
1	2134955	post	971	254
1	2140576	post	971	254
1	2144776	post	971	254
1	2150607	post	971	254
1	2155207	post	971	254
1	2160284	post	971	254
1	2164539	post	971	254
1	2169741	post	971	254
1	2174569	post	971	254
1	2180025	post	971	254
1	2185045	post	971	254
1	2189961	post	971	254
1	2194935	post	971	254
1	2199975	post	971	254
1	2204971	post	971	254
1	2210001	post	971	254
1	2214956	post	971	254
1	2219963	post	971	254
1	2226438	post	971	254
1	2230407	post	971	254
1	2234563	post	971	254
1	2240544	post	971	254
1	2244683	post	971	254
1	2250396	post	971	254
1	2254946	post	971	254
1	2259734	post	971	254
1	2264946	post	971	254
1	2269946	post	971	254
1	2274957	post	971	254
1	2279998	post	971	254
1	2284973	post	971	254
1	2289947	post	971	254
1	2294958	post	971	254
1	2299927	post	971	254
1	2304938	post	971	254
1	2310048	post	971	254
1	2314967	post	971	254
1	2319937	post	971	254
1	2324949	post	971	254
1	2329846	post	971	254
1	2334958	post	971	254
1	2339940	post	971	254
1	2344738	post	971	254
1	2349958	post	971	254
1	2354756	post	971	254
1	2359938	post	971	254
1	2364968	post	971	254
1	2369948	post	971	254
1	2374958	post	971	254
1	2380505	post	971	254
1	2384938	post	971	254
1	2389958	post	971	254
1	2394979	post	971	254
1	2399948	post	971	254
1	2404949	post	971	254
1	2409990	post	971	254
1	2414940	post	971	254
1	2419959	post	971	254
1	2424592	post	971	254
1	2429953	post	971	254
1	2434999	post	971	254
1	2439961	post	971	254
1	2445306	post	971	254
1	2449945	post	971	254
1	2454939	post	971	254
1	2459950	post	971	254
1	2464954	post	971	254
1	2469960	post	971	254
1	2474961	post	971	254
1	2479950	post	971	254
1	2484966	post	971	254
1	2489950	post	971	254
1	2494950	post	971	254
1	2499993	post	971	254
1	2504950	post	971	254
1	2509960	post	971	254
1	2515055	post	971	254
1	2519951	post	971	254
1	2525096	post	971	254
1	2529952	post	971	254
1	2534942	post	971	254
1	2539967	post	971	254
1	2544951	post	971	254
1	2549941	post	971	254
1	2554988	post	971	254
1	2559961	post	971	254
1	2564949	post	971	254
1	2569942	post	971	254
1	2574939	post	971	254
1	2580202	post	971	254
1	2584951	post	971	254
1	2589929	post	971	254
1	2594950	post	971	254
1	2599941	post	971	254
1	2604961	post	971	254
1	2609940	post	971	254
1	2614936	post	971	254
1	2619961	post	971	254
1	2624983	post	971	254
1	2629945	post	971	254
1	2634930	post	971	254
1	2640144	post	971	254
1	2644952	post	971	254
1	2649951	post	971	254
1	2654941	post	971	254
1	2660062	post	971	254
1	2664740	post	971	254
1	2670386	post	971	254
1	2674963	post	971	254
1	2679942	post	971	254
1	2684882	post	971	254
1	2690377	post	971	254
1	2694983	post	971	254
1	2699931	post	971	254
1	2706638	post	971	254
1	2709944	post	971	254
1	2715654	post	971	254
1	2719942	post	971	254
1	2724732	post	971	254
1	2729946	post	971	254
1	2734934	post	971	254
1	2739734	post	971	254
1	2744953	post	971	254
1	2749952	post	971	254
1	2754766	post	971	254
1	2759982	post	971	254
1	2764946	post	971	254
1	2770032	post	971	254
1	2774944	post	971	254
1	2780105	post	971	254
1	2784732	post	971	254
1	2789938	post	971	254
1	2795205	post	971	254
1	2799732	post	971	254
1	2805070	post	971	254
1	2809948	post	971	254
1	2815443	post	971	254
1	2819944	post	971	254
1	2824947	post	971	254
1	2829733	post	971	254
1	2835316	post	971	254
1	2840116	post	971	254
1	2845426	post	971	254
1	2849947	post	971	254
1	2855102	post	971	254
1	2859733	post	971	254
1	2865056	post	971	254
1	2869945	post	971	254
1	2874735	post	971	254
1	2879955	post	971	254
1	2884955	post	971	254
1	2889789	post	971	254
1	2894948	post	971	254
1	2899948	post	971	254
1	2904734	post	971	254
1	2909936	post	971	254
1	2914946	post	971	254
1	2920113	post	971	254
1	2925278	post	971	254
1	2930017	post	971	254
1	2934759	post	971	254
1	2940257	post	971	254
1	2944947	post	971	254
1	2950165	post	971	254
1	2956030	post	971	254
1	2959956	post	971	254
1	2964725	post	971	254
1	2969987	post	971	254
1	2974944	post	971	254
1	2979938	post	971	254
1	2985018	post	971	254
1	2990197	post	971	254
1	2994943	post	971	254
1	3001070	post	971	254
1	3004948	post	971	254
1	3009736	post	971	254
1	3016260	post	971	254
1	3019940	post	971	254
1	3024737	post	971	254
1	3030104	post	971	254
1	3034940	post	971	254
1	3039997	post	971	254
1	3044938	post	971	254
1	3050011	post	971	254
1	3055868	post	971	254
1	3060816	post	971	254
1	3064948	post	971	254
1	3069984	post	971	254
1	3074948	post	971	254
1	3080066	post	971	254
1	3085923	post	971	254
1	3089985	post	971	254
1	3094578	post	971	254
1	3099955	post	971	254
1	3104933	post	971	254
1	3110516	post	971	254
1	3115154	post	971	254
1	3119939	post	971	254
1	3125067	post	971	254
1	3129936	post	971	254
