126	0	post	6	42
126	1	post	2	42
126	60	post	10	1
126	1496	post	16	1
126	1499	post	17	183
126	2200	post	25	1
126	2201	post	26	205
126	2633	post	30	1
126	2634	post	31	165
126	8590	post	38	1
126	8591	post	39	160
126	9708	post	230	1
126	9709	post	231	154
126	9843	post	235	1
126	9844	post	236	210
126	10019	post	243	1
126	10020	post	244	176
126	11427	post	10	1
126	24356	post	244	176
126	24357	post	39	160
126	24358	post	236	210
126	24359	post	231	154
126	28197	post	17	183
126	30623	post	16	1
126	30623	post	25	1
126	30645	post	25	1
126	30646	post	15	58
126	30646	post	26	205
126	30656	post	16	1
126	30658	post	15	58
126	30658	post	17	183
126	31157	post	31	165
126	37742	post	38	1
126	38045	post	38	1
126	38639	post	38	1
126	38641	post	15	58
126	38641	post	39	160
126	40846	post	235	1
126	40847	post	243	1
126	40883	post	243	1
126	40884	post	15	58
126	40885	post	230	1
126	40885	post	244	176
126	40907	post	235	1
126	40909	post	15	58
126	40909	post	236	210
126	40919	post	230	1
126	40920	post	15	58
126	40921	post	231	154
126	181165	post	30	1
126	181167	post	15	168
