32	1747	post	6	43
32	1748	post	2	43
32	1748	post	4	43
32	1804	post	10	1
32	3371	post	16	1
32	3373	post	17	183
32	4247	post	25	1
32	4249	post	26	205
32	4662	post	30	1
32	4664	post	31	165
32	24387	post	17	183
32	27607	post	25	1
32	27610	post	30	1
32	27668	post	30	1
32	27669	post	15	58
32	27670	post	31	165
32	27670	post	16	1
32	27686	post	25	1
32	27687	post	15	58
32	27687	post	26	205
32	27739	post	16	1
32	27741	post	15	58
32	27741	post	17	183
32	34881	post	38	1
32	34882	post	39	160
32	34974	post	43	1
32	34975	post	44	159
32	35040	post	48	1
32	35041	post	49	168
32	35106	post	53	1
32	35107	post	54	159
32	35166	post	58	1
32	35167	post	59	168
32	35226	post	63	1
32	35226	post	64	159
32	35292	post	70	1
32	35292	post	71	168
32	35351	post	75	1
32	35352	post	76	168
32	35395	post	44	159
32	35396	post	49	168
32	35396	post	54	159
32	35423	post	81	1
32	35424	post	83	168
32	35483	post	88	1
32	35484	post	89	168
32	35508	post	38	1
32	35560	post	98	1
32	35561	post	99	168
32	35654	post	59	168
32	35655	post	76	168
32	35655	post	64	159
32	35656	post	71	168
32	35657	post	104	1
32	35658	post	105	168
32	35777	post	109	1
32	35777	post	110	159
32	35897	post	114	1
32	35897	post	115	159
32	35915	post	83	168
32	35916	post	99	168
32	35916	post	89	168
32	35998	post	120	1
32	35999	post	121	159
32	36118	post	126	1
32	36119	post	127	159
32	36174	post	105	168
32	36175	post	110	159
32	36175	post	115	159
32	36268	post	132	1
32	36269	post	134	159
32	36393	post	138	1
32	36394	post	139	159
32	36434	post	121	159
32	36434	post	127	159
32	36501	post	144	1
32	36502	post	145	159
32	36609	post	149	1
32	36610	post	150	168
32	36694	post	134	159
32	36695	post	139	159
32	36729	post	156	1
32	36730	post	157	168
32	36837	post	162	1
32	36837	post	163	168
32	36872	post	38	1
32	36873	post	15	58
32	36882	post	39	160
32	36939	post	169	1
32	36939	post	170	168
32	36955	post	150	168
32	36955	post	145	159
32	37004	post	174	1
32	37005	post	175	168
32	37064	post	179	1
32	37065	post	181	168
32	37130	post	185	1
32	37130	post	186	168
32	37196	post	191	1
32	37197	post	192	168
32	37215	post	163	168
32	37216	post	157	168
32	37216	post	170	168
32	37250	post	196	1
32	37250	post	197	168
32	37316	post	201	1
32	37316	post	203	168
32	37370	post	208	1
32	37370	post	209	168
32	37423	post	215	1
32	37424	post	216	168
32	37476	post	186	168
32	37476	post	181	168
32	37476	post	192	168
32	37476	post	175	168
32	37573	post	63	1
32	37575	post	43	1
32	37602	post	63	1
32	37604	post	15	58
32	37605	post	53	1
32	37605	post	64	159
32	37651	post	43	1
32	37652	post	15	58
32	37653	post	44	159
32	37674	post	53	1
32	37675	post	15	58
32	37676	post	54	159
32	37762	post	197	168
32	37762	post	209	168
32	37762	post	216	168
32	37762	post	203	168
32	37941	post	58	1
32	37944	post	48	1
32	37994	post	58	1
32	37996	post	15	58
32	37996	post	70	1
32	37996	post	59	168
32	38034	post	70	1
32	38035	post	15	58
32	38036	post	75	1
32	38036	post	71	168
32	38058	post	75	1
32	38059	post	15	58
32	38060	post	76	168
32	38089	post	48	1
32	38090	post	15	58
32	38090	post	49	168
32	38241	post	230	1
32	38242	post	231	154
32	38384	post	104	1
32	38386	post	98	1
32	38391	post	235	1
32	38391	post	236	210
32	38412	post	104	1
32	38413	post	15	58
32	38413	post	105	168
32	38413	post	114	1
32	38435	post	114	1
32	38438	post	15	58
32	38438	post	109	1
32	38438	post	115	159
32	38465	post	98	1
32	38467	post	15	58
32	38467	post	99	168
32	38467	post	88	1
32	38477	post	88	1
32	38478	post	15	58
32	38479	post	89	168
32	38479	post	81	1
32	38495	post	109	1
32	38496	post	15	58
32	38497	post	110	159
32	38497	post	120	1
32	38513	post	120	1
32	38514	post	15	58
32	38515	post	121	159
32	38515	post	126	1
32	38537	post	126	1
32	38538	post	15	58
32	38539	post	127	159
32	38567	post	81	1
32	38568	post	15	58
32	38569	post	83	168
32	38716	post	243	1
32	38716	post	244	176
32	38784	post	230	1
32	38786	post	235	1
32	38831	post	235	1
32	38832	post	15	58
32	38832	post	236	210
32	38848	post	149	1
32	38861	post	230	1
32	38862	post	15	58
32	38862	post	231	154
32	38862	post	138	1
32	38873	post	138	1
32	38874	post	15	58
32	38874	post	139	159
32	38875	post	144	1
32	38915	post	144	1
32	38916	post	15	58
32	38916	post	132	1
32	38916	post	145	159
32	38926	post	132	1
32	38927	post	15	58
32	38928	post	134	159
32	38944	post	149	1
32	38945	post	15	58
32	38946	post	150	168
32	39216	post	243	1
32	39280	post	243	1
32	39281	post	15	58
32	39281	post	244	176
32	39300	post	174	1
32	39303	post	162	1
32	39316	post	174	1
32	39317	post	15	58
32	39317	post	156	1
32	39317	post	175	168
32	39328	post	156	1
32	39329	post	15	58
32	39329	post	157	168
32	39329	post	169	1
32	39346	post	162	1
32	39347	post	15	58
32	39347	post	163	168
32	39347	post	179	1
32	39376	post	179	1
32	39377	post	15	58
32	39377	post	181	168
32	39417	post	169	1
32	39418	post	15	58
32	39419	post	170	168
32	39893	post	201	1
32	39896	post	196	1
32	39914	post	201	1
32	39915	post	15	58
32	39915	post	215	1
32	39915	post	203	168
32	39932	post	215	1
32	39933	post	15	58
32	39933	post	216	168
32	39934	post	208	1
32	39956	post	196	1
32	39957	post	15	58
32	39957	post	197	168
32	39986	post	208	1
32	39988	post	15	58
32	39988	post	209	168
32	40222	post	185	1
32	40227	post	191	1
32	40255	post	185	1
32	40256	post	15	58
32	40256	post	186	168
32	40267	post	191	1
32	40268	post	15	58
32	40268	post	192	168
32	40391	post	10	1
