1	66034	post	10	1
1	170652	post	10	1
2	1216694	post	10	1
2	1572253	post	10	1
3	1214222	post	10	1
3	1573690	post	10	1
4	1206835	post	10	1
4	1573190	post	10	1
5	1207594	post	10	1
5	1554368	post	10	1
6	1210740	post	10	1
6	1572887	post	10	1
7	1207174	post	10	1
7	1541193	post	10	1
8	1162365	post	10	1
8	1396514	post	10	1
9	1189501	post	10	1
9	1479847	post	10	1
10	1220977	post	10	1
10	1595825	post	10	1
11	1204373	post	10	1
11	1554402	post	10	1
12	1196705	post	10	1
12	1511321	post	10	1
13	1200059	post	10	1
13	1558221	post	10	1
14	1210843	post	10	1
14	1582400	post	10	1
15	1175185	post	10	1
15	1423129	post	10	1
16	1196119	post	10	1
16	1555515	post	10	1
17	1132530	post	10	1
17	1423351	post	10	1
18	1188605	post	10	1
18	1458818	post	10	1
19	1187102	post	10	1
19	1471048	post	10	1
20	1168861	post	10	1
20	1387449	post	10	1
21	1213123	post	10	1
21	1558746	post	10	1
22	1142046	post	10	1
22	1298404	post	10	1
23	1207416	post	10	1
23	1592900	post	10	1
24	1186921	post	10	1
24	1517680	post	10	1
25	1203747	post	10	1
25	1591449	post	10	1
26	1207688	post	10	1
26	1590090	post	10	1
27	1156132	post	10	1
27	1359818	post	10	1
28	1166043	post	10	1
28	1432455	post	10	1
29	1113716	post	10	1
29	1269447	post	10	1
30	1151032	post	10	1
30	1427510	post	10	1
31	1198587	post	10	1
31	1587267	post	10	1
32	1804	post	10	1
32	40391	post	10	1
33	1223419	post	10	1
33	1668797	post	10	1
34	1212723	post	10	1
34	1618398	post	10	1
35	1202682	post	10	1
35	1581207	post	10	1
36	1229118	post	10	1
36	1615885	post	10	1
37	1203926	post	10	1
37	1556997	post	10	1
38	1237440	post	10	1
38	1637065	post	10	1
39	1222177	post	10	1
39	1618470	post	10	1
40	1236089	post	10	1
40	1688353	post	10	1
41	1238604	post	10	1
41	1685027	post	10	1
42	1210337	post	10	1
42	1559827	post	10	1
43	1223282	post	10	1
43	1664589	post	10	1
44	1187627	post	10	1
44	1421801	post	10	1
45	1217967	post	10	1
45	1589143	post	10	1
46	1227377	post	10	1
46	1652567	post	10	1
47	1163438	post	10	1
47	1308831	post	10	1
48	1155227	post	10	1
48	1421855	post	10	1
49	1196963	post	10	1
49	1464219	post	10	1
50	1233003	post	10	1
50	1631352	post	10	1
51	1232646	post	10	1
51	1662573	post	10	1
52	1240795	post	10	1
52	1652088	post	10	1
53	1238894	post	10	1
53	1662208	post	10	1
54	1236739	post	10	1
54	1618542	post	10	1
55	1226362	post	10	1
55	1630745	post	10	1
56	1201598	post	10	1
56	1582310	post	10	1
57	1172148	post	10	1
57	1419097	post	10	1
58	1202504	post	10	1
58	1539805	post	10	1
59	1189698	post	10	1
59	1422011	post	10	1
60	1231668	post	10	1
60	1668885	post	10	1
61	1237505	post	10	1
61	1648683	post	10	1
62	1215968	post	10	1
62	1616591	post	10	1
63	3310	post	10	1
63	42953	post	10	1
64	1128493	post	10	1
64	1420231	post	10	1
65	1222134	post	10	1
65	1675761	post	10	1
66	1218842	post	10	1
66	1689801	post	10	1
67	1185874	post	10	1
67	1503950	post	10	1
68	1212573	post	10	1
68	1681586	post	10	1
69	1174506	post	10	1
69	1425440	post	10	1
70	1207864	post	10	1
70	1627734	post	10	1
71	1179365	post	10	1
71	1432548	post	10	1
72	1199951	post	10	1
72	1604929	post	10	1
73	1233295	post	10	1
73	1696607	post	10	1
74	1204798	post	10	1
74	1529156	post	10	1
75	1214702	post	10	1
75	1614476	post	10	1
76	1166278	post	10	1
76	1384777	post	10	1
77	1193748	post	10	1
77	1655663	post	10	1
78	1219286	post	10	1
78	1640559	post	10	1
79	1187585	post	10	1
79	1491167	post	10	1
80	1226337	post	10	1
80	1675740	post	10	1
81	1213193	post	10	1
81	1681057	post	10	1
82	1173952	post	10	1
82	1461317	post	10	1
83	1222098	post	10	1
83	1648938	post	10	1
84	1216347	post	10	1
84	1652022	post	10	1
85	1177219	post	10	1
85	1457544	post	10	1
86	1208126	post	10	1
86	1629451	post	10	1
87	1211626	post	10	1
87	1654314	post	10	1
88	1209422	post	10	1
88	1647770	post	10	1
89	1199930	post	10	1
89	1528215	post	10	1
90	1122992	post	10	1
90	1411773	post	10	1
91	1195599	post	10	1
91	1539669	post	10	1
92	1212837	post	10	1
92	1681676	post	10	1
93	1159189	post	10	1
93	1336607	post	10	1
94	3434	post	10	1
94	42251	post	10	1
95	1222080	post	10	1
95	1607215	post	10	1
96	1175605	post	10	1
96	1499951	post	10	1
97	1211027	post	10	1
97	1618346	post	10	1
98	1219080	post	10	1
98	1610995	post	10	1
99	1211989	post	10	1
99	1612500	post	10	1
100	1184588	post	10	1
100	1537297	post	10	1
101	1195423	post	10	1
101	1591665	post	10	1
102	1164341	post	10	1
102	1423645	post	10	1
103	1200632	post	10	1
103	1592755	post	10	1
104	1189573	post	10	1
104	1552633	post	10	1
105	1208686	post	10	1
105	1589906	post	10	1
106	1192126	post	10	1
106	1569956	post	10	1
107	1220428	post	10	1
107	1606631	post	10	1
108	1196604	post	10	1
108	1569689	post	10	1
109	1200525	post	10	1
109	1536403	post	10	1
110	1175663	post	10	1
110	1507359	post	10	1
111	1154560	post	10	1
111	1378194	post	10	1
112	1192264	post	10	1
112	1609369	post	10	1
113	1163299	post	10	1
113	1433187	post	10	1
114	1177309	post	10	1
114	1464947	post	10	1
115	1213975	post	10	1
115	1604352	post	10	1
116	1167325	post	10	1
116	1430132	post	10	1
117	1203014	post	10	1
117	1614995	post	10	1
118	1172719	post	10	1
118	1498522	post	10	1
119	1109302	post	10	1
119	1429119	post	10	1
120	1212798	post	10	1
120	1614107	post	10	1
121	1179978	post	10	1
121	1506934	post	10	1
122	1138315	post	10	1
122	1304836	post	10	1
123	1154250	post	10	1
123	1421261	post	10	1
124	1220554	post	10	1
124	1608047	post	10	1
125	4701	post	10	1
125	44170	post	10	1
126	60	post	10	1
126	11427	post	10	1
127	925006	post	10	1
127	971398	post	10	1
