65999	42
66000	42
66034	1
67661	1
67664	183
68345	1
68346	157
68953	1
68970	1
68971	215
124599	1
124600	171
124645	1
124646	168
126542	1
126543	154
126701	1
126702	218
126803	1
126804	176
127527	1
127606	1
127607	276
170652	1
954819	332
954823	179
954825	278
955062	566
955830	283
955968	676
957064	184
957065	635
978005	1
978041	1
978042	690
985228	2953
993817	3488
1005618	3786
1017199	5
1018066	4088
1018274	591
1028813	4414
1033209	4779
1037172	5295
1040685	6031
1072048	7557
1078275	591
1135486	7557
1138276	591
1198279	591
1201190	7557
1258289	591
1269920	7557
1289265	7557
1318305	591
1318329	7557
1329945	7557
1359704	7557
1378309	591
1384422	7557
1400078	7557
1411501	7557
1422911	7557
1435199	7557
1438319	591
1447025	7557
1458364	7557
1467984	7557
1478883	7557
1488721	7557
1498329	591
1498476	7557
1505710	7557
1512967	7557
1520008	7557
1526826	7557
1534179	7557
1541094	7557
1547997	7557
1554911	7557
1558339	591
1561742	7557
1569226	7557
1577096	7557
1584341	7557
1591189	7557
1598393	7557
1605535	7557
1612342	7557
1619803	7557
1620865	591
1627150	7557
1634143	7557
1641070	7557
1647693	7557
1655031	7557
1662048	7557
1669077	7557
1676053	7557
1683555	7557
1690153	7557
1697830	7557
1704199	7557
1710945	7557
1717272	7557
1740295	7557
1756318	7557
1768866	7557
1791841	7557
1806141	7557
1808983	591
1823052	7557
1832493	7557
1841412	7557
1850060	7557
1860203	7557
1868864	7557
1879098	7557
1890266	7557
1912497	636
1912508	443
1912510	749
1912512	445
1912513	815
1912519	695
1912547	2453
1912548	5286
1912549	7366
1912550	8215
1912551	8339
1912552	8578
1912553	9853
1912554	2957
1912556	447
1912557	532
1912576	1232
1912578	446
1912586	254
1912626	2015
1912634	2098
1912643	603
1912644	1578
1912648	2264
1912649	2347
1912656	2430
1912659	2513
1912662	2342
1912663	254
1913022	749
1913023	254
1913024	749
1913025	254
1913026	749
1913027	254
1914822	749
1914823	254
1914832	1836
1914833	1003
1915149	1003
1915730	1003
1918168	1003
1918178	749
1918180	254
1918185	1003
1918187	1003
1918189	1003
1918995	749
1918996	254
1919489	1003
1919491	1003
1920240	1003
1921201	1003
1921906	1003
1921907	1003
1923230	1003
1923232	1003
1923235	1057
1924036	1003
1924570	2006
1925089	1003
1926511	1003
1926890	1752
1926891	254
1927570	1003
1927571	1057
1927572	1003
1928792	1003
1929625	1003
1929627	1003
1930207	1003
1930603	1003
1932101	1003
1932102	1003
1932828	749
1932829	1311
1932830	1003
1933943	749
1933944	254
1934843	2006
1935383	1003
1935384	1003
1938770	1752
1938771	254
1938791	1003
1938797	1057
1938818	749
1938819	254
1938960	1003
1939480	1003
1939481	1003
1940421	1003
1940437	1003
1941916	1003
1941917	1003
1942561	1003
1942562	1057
1942563	1003
1943930	749
1943931	254
1944480	749
1944481	1257
1945250	1003
1945890	1003
1946895	2006
1947561	1003
1947562	1057
1947563	1003
1948975	1003
1949378	1003
1950002	1752
1950003	254
1950830	1003
1951961	749
1951962	1257
1952562	2060
1952563	1003
1953932	749
1953933	254
1954631	1003
1954632	1003
1955470	749
1955471	254
1955475	1003
1956751	1003
1957502	1003
1957503	1003
1957511	1806
1957512	254
1957675	7557
1958932	1003
1959481	1003
1959482	1003
1960314	1003
1960930	1003
1961881	749
1961882	1257
1962561	1003
1962562	1057
1962563	1003
1963935	1003
1964551	1003
1964552	1003
1965851	1752
1965852	254
1966921	749
1966922	1257
1968077	1003
1968078	1806
1968079	254
1968969	749
1968970	254
1969675	1752
1969676	254
1970364	1003
1970368	1003
1972166	659
1972167	749
1972169	4758
1972170	5741
1972171	7735
1972172	5346
1972179	5338
1972180	7220
1972181	6089
1972182	4000
1972183	5768
1972184	1003
1972630	1003
1972631	1806
1972632	254
1973931	1003
1974481	1003
1974482	1003
1975370	1003
1975371	1003
1977245	2006
1977562	2060
1977563	1003
1978997	1003
1979481	1003
1979482	1003
1980354	749
1980355	1257
1982104	1003
1982725	2006
1983730	2060
1984776	1003
1984781	1003
1984782	1003
1985139	1003
1985983	1003
1986915	1003
1986916	1003
1987763	749
1987764	254
1987765	1057
1987766	1003
1989036	1003
1989491	1003
1989492	1003
1990741	1752
1990742	254
1991845	7557
1993204	1752
1993205	1257
1993208	2060
1993878	1003
1994362	1003
1994997	1003
1995000	1003
1995854	1003
1996882	1003
1996883	1003
1997582	1003
1997584	1057
1997585	1003
1999134	1003
1999135	1003
1999707	1003
2000323	1003
2000843	1003
2001058	7557
2001940	1752
2001941	254
2002612	1003
2002613	1057
2002614	1003
2003952	1003
2004537	749
2004538	1257
2005244	1003
2005872	1003
2006882	1003
2006883	1003
2007567	1003
2007568	1057
2007569	1003
2009055	1003
2009824	1003
2009825	749
2009826	254
2010333	1003
2010805	1003
2011892	1003
2011893	1003
2012612	2060
2012613	1003
2014002	1003
2014834	2006
2015501	2006
2016022	591
2017420	2006
2017956	844
2017957	1882
2017959	1636
2017960	1175
2017977	2896
2017979	1718
2017980	1263
2017987	3066
2017994	1003
2017999	1003
2018012	3151
2018022	1057
2018023	3236
2018028	1131
2018029	2190
2018030	1172
2018031	2234
2018038	1213
2018039	2278
2018040	3576
2018044	3661
2018045	2087
2018046	5490
2018049	3662
2018050	254
2018051	4001
2018062	4086
2018071	4171
2018074	2333
2018075	1923
2018078	4087
2018079	254
2018545	1003
2018555	751
2018556	254
2019392	1005
2019393	1005
2019394	1003
2020031	1005
2020032	1756
2020033	1259
2020034	1005
2020035	2008
2020036	1003
2020037	1756
2020038	1259
2020039	1005
2020040	1005
2020041	1005
2020683	1005
2020686	1005
2020689	1005
2020690	749
2020691	254
2021238	1005
2021923	1005
2021924	1003
2021925	1003
2022961	2006
2022962	803
2022963	254
2023522	1003
2023523	1005
2024967	1005
2024968	1756
2024969	1259
2024971	751
2024972	254
2024976	1003
2024978	1005
2024979	1003
2024985	1005
2024988	1005
2024989	1003
2024990	1005
2024992	1005
2024993	1005
2024995	1005
2025374	1005
2025375	1756
2025376	1259
2025377	1003
2025378	1005
2026142	1005
2026883	2008
2026885	1003
2027612	2006
2027614	1057
2028562	749
2028563	1259
2029588	2008
2029589	1005
2029590	1005
2029591	2008
2029937	751
2029938	1259
2029939	2010
2029940	1005
2029941	749
2029947	254
2029948	1005
2029949	1005
2029950	1005
2030484	1005
2030487	1005
2030492	1005
2030496	1005
2030497	1003
2030500	751
2030501	254
2031214	659
2031219	751
2031228	2739
2031229	3597
2031230	1630
2031231	3640
2031232	5779
2031233	5951
2031234	6123
2031235	2445
2031236	5478
2031237	6467
2031238	6639
2031239	6811
2031240	2478
2031241	4285
2031242	7069
2031251	3689
2031252	3820
2031253	5196
2031254	8455
2031255	7209
2031256	10255
2031257	8289
2032171	1003
2032183	1005
2032191	1003
2033126	749
2033127	1257
2033129	1057
2033365	1005
2035031	1003
2035037	749
2035038	1259
2035039	2010
2035041	1005
2035042	1005
2035043	751
2035044	1257
2035045	1005
2035046	1005
2035047	2008
2035048	751
2035049	1259
2035051	1005
2035401	1005
2035402	1756
2035403	1259
2035404	1003
2035405	1005
2036142	751
2036143	254
2037071	1003
2037072	1005
2037073	1003
2037566	749
2037567	1257
2037568	1057
2038614	749
2038615	1259
2039636	2008
2039637	1756
2039638	254
2039639	2008
2040018	1756
2040019	1259
2040020	2010
2040021	1005
2040022	1003
2040023	2010
2040025	2010
2040633	2010
2040635	2008
2041132	1005
2041913	1003
2041914	1005
2041915	1003
2042592	1003
2042594	1003
2042598	1057
2043567	749
2043568	1259
2044485	2008
2044486	1005
2044487	1005
2044488	2008
2044941	1005
2044942	2010
2044946	1005
2044947	751
2044948	254
2044952	1003
2044958	1005
2044959	1005
2044964	1005
2045376	1005
2045377	1756
2045378	1259
2045379	1003
2045380	1005
2048985	751
2048986	254
2048996	1003
2048998	1003
2049008	1005
2049012	1003
2049013	1003
2049018	1057
2049023	1005
2049026	1003
2049478	1003
2049479	1005
2049480	1005
2049481	1005
2049482	2008
2049947	2010
2049948	1005
2049949	2010
2049950	1003
2049951	1756
2049952	254
2049953	1005
2050380	1005
2050381	1005
2050382	2010
2050383	1003
2050384	1005
2051156	1005
2051935	2008
2051937	1003
2052936	2006
2052938	1057
2053611	2008
2054476	2008
2054477	1005
2054478	1005
2054479	2008
2054955	1005
2054956	1005
2054957	2010
2054958	1005
2054959	2008
2054960	1005
2054961	1005
2055535	2010
2055536	1005
2055537	1754
2055538	1259
2055650	7557
2056529	1005
2056899	1003
2056911	1005
2056915	1003
2057563	1003
2057564	1003
2057565	1057
2058540	2008
2059482	1003
2059483	1005
2059484	2010
2059485	749
2059486	1259
2059938	2010
2059939	1005
2059940	2010
2059941	1003
2059942	2010
2059943	751
2059944	254
2060651	2010
2060652	1005
2060653	2010
2061111	2008
2061807	1005
2061810	749
2061811	254
2062382	2006
2062383	1003
2062384	1057
2063177	1005
2063922	749
2063923	254
2064521	1003
2064523	2010
2064524	1005
2064525	2008
2064994	2010
2064995	1005
2064996	2010
2064997	1003
2064998	1005
2064999	1005
2065000	1005
2065550	751
2065551	1259
2065552	2010
2065553	1003
2065554	1005
2066143	1005
2066893	2008
2066895	1003
2067563	2006
2067565	1057
2068523	2008
2069475	2008
2069476	1756
2069477	254
2069478	1003
2069479	1005
2069978	751
2069979	1259
2069980	2010
2069981	1005
2069982	2008
2069983	1005
2069984	1005
2069985	1005
2070570	1756
2070571	254
2070572	2008
2070573	1005
2071142	1005
2071879	2008
2071881	1003
2072904	2006
2072905	803
2072906	254
2073526	2008
2074485	1003
2074486	1005
2074487	2010
2074488	1754
2074489	254
2074972	1005
2074973	2010
2074974	1756
2074975	254
2074976	2008
2074977	1005
2074978	1005
2075876	2010
2075877	1005
2075878	1005
2075879	2008
2076029	591
2076489	1005
2076908	749
2076909	1259
2076910	1003
2077732	1003
2077733	1003
2077734	1057
2078287	1005
2078947	1003
2078956	7557
2079486	1754
2079487	254
2079488	2010
2079489	2008
2080596	1756
2080597	1259
2080598	2010
2080599	749
2080600	1259
2080601	1005
2080602	1005
2081019	1005
2081020	1005
2081023	1005
2081025	1005
2081027	1754
2081028	254
2081030	1005
2081802	1003
2081814	1005
2081818	1003
2082578	2006
2082580	1057
2083590	1003
2083591	1005
2084635	1003
2084636	1005
2084637	751
2084638	1259
2084639	2008
2085387	2010
2085388	1756
2085389	1005
2085390	1259
2085391	1003
2085392	2010
2085393	751
2085394	1259
2085395	1756
2085396	254
2085831	1005
2085832	1005
2085833	1003
2086875	1003
2086876	1005
2086877	1003
2087566	1003
2087567	1003
2087568	1057
2088554	2008
2089487	1754
2089488	254
2089489	2010
2089490	2008
2090794	659
2090796	751
2090798	2449
2090799	4079
2090800	4085
2090801	4079
2090802	4085
2090803	4110
2090804	1634
2090807	6551
2090808	4661
2090809	5860
2090810	5327
2090811	1538
2090812	1005
2090814	1005
2090817	1005
2090818	1754
2090819	254
2090820	1005
2090823	1005
2090824	1005
2090825	1005
2090826	1005
2090827	1003
2090829	1005
2090830	1005
2091173	1005
2092025	1003
2092028	1005
2092029	1003
2093042	749
2093043	254
2093044	1003
2093048	1057
2093530	2008
2094614	749
2094615	254
2094617	1005
2094619	1005
2094620	1005
2094621	1003
2094624	1005
2094945	1005
2094946	2010
2094949	1005
2094954	1005
2094958	1003
2094965	1005
2094966	1005
2094968	1005
2095457	2010
2095458	1005
2095459	2008
2095460	1005
2096129	1005
2096886	1003
2096887	1005
2096888	1003
2097692	1003
2097693	1003
2097697	1057
2098533	1754
2098534	254
2099498	2008
2099499	2010
2099501	2008
2100317	1756
2100318	1259
2100319	2010
2100320	749
2100321	2010
2100322	254
2100323	1005
2100570	2010
2100571	1005
2100572	2008
2100573	1005
2101154	1005
2101881	2008
2101882	749
2101883	254
2102564	2006
2102566	1057
2103523	749
2103524	1259
2104498	1003
2104499	1005
2104500	2010
2104501	1754
2104502	254
2104939	2010
2104940	1005
2104941	1756
2104942	254
2104943	2008
2104947	2010
2105354	751
2105355	1259
2105356	1005
2105357	1005
2105358	1003
2105587	1005
2106189	1005
2106952	1003
2106972	1005
2106975	749
2106976	254
2107569	1003
2107570	749
2107571	1311
2108547	1754
2108548	254
2109900	2008
2109902	2010
2109903	1003
2109904	1005
2109947	2010
2109948	1005
2109949	2010
2109950	1003
2109951	2010
2109952	751
2109953	254
2110617	1005
2110620	751
2110621	1259
2110622	2008
2110624	1005
2111200	1005
2111878	749
2111879	254
2111895	1005
2111900	1003
2112650	1003
2112651	1003
2112652	803
2112653	254
2113663	2008
2114609	2008
2114610	1754
2114611	1259
2114967	2010
2114968	2010
2114969	1005
2114970	2008
2114971	1756
2114972	254
2114973	2010
2115604	1005
2115608	1005
2115611	2008
2115612	751
2115613	254
2116150	1005
2117123	2008
2117125	1003
2117654	1003
2117655	1003
2117656	1057
2118594	2008
2119484	1754
2119485	1005
2119486	1259
2119487	2008
2120210	2010
2120211	1005
2120212	2010
2120213	1003
2120214	2010
2120215	751
2120216	254
2120571	1005
2120577	1005
2120585	751
2120586	254
2120591	1005
2120592	1003
2120596	1005
2121172	1005
2121985	1003
2121996	1005
2121999	1003
2122566	749
2122567	1257
2122568	1057
2123540	1003
2123551	1005
2124736	2008
2124737	1005
2124738	1005
2124739	2008
2124949	751
2124950	2010
2124951	1259
2124952	1005
2124953	2008
2124954	1005
2124955	1005
2125391	2010
2125392	2010
2125394	2008
2126134	1005
2126887	1003
2126888	1005
2126889	1003
2127757	1003
2127758	1003
2127759	1057
2128682	1754
2128683	254
2129495	2008
2129496	1756
2129497	254
2129498	2008
2129944	1005
2129945	1756
2129946	2010
2129947	254
2129948	2008
2129949	1005
2129950	1005
2130574	1005
2130575	1005
2130576	2010
2130578	2008
2131659	1005
2131929	1003
2131930	1005
2131931	1003
2132646	2006
2132648	1057
2133545	2008
2134507	2008
2134508	1005
2134509	1005
2134510	2008
2134950	1005
2134951	1756
2134952	1259
2134953	1005
2134954	2008
2134955	1005
2134956	1005
2135400	1005
2135403	1005
2135407	1005
2135410	2008
2135411	1005
2136039	591
2136345	1005
2136800	1005
2136804	1003
2137532	1003
2137537	1003
2137906	2060
2138637	1003
2138638	1005
2140025	2008
2140026	1005
2140027	1005
2140028	2008
2140570	2010
2140571	2010
2140572	1005
2140573	2008
2140574	2010
2140575	1756
2140576	1005
2140577	1257
2140578	2010
2141086	751
2141087	254
2141864	1003
2141865	1003
2141866	1005
2142557	2006
2142558	1057
2144763	1005
2144764	1003
2144773	1003
2144774	1756
2144775	1259
2144776	2008
2144777	1005
2145835	2010
2145836	1005
2145837	2010
2145838	2008
2145839	1756
2145840	1005
2145841	1259
2145842	1005
2145844	2010
2145845	1003
2146159	7557
2146885	2008
2146886	1003
2147771	749
2147772	1257
2147773	1057
2148525	1754
2148526	254
2149485	2008
2149486	1756
2149487	1003
2149488	1259
2150579	659
2150581	751
2150582	4079
2150583	5717
2150584	4896
2150585	4902
2150586	4927
2150589	11212
2150590	2132
2150591	2662
2150592	6393
2150593	1005
2150594	1005
2150595	1005
2150602	2008
2150606	1005
2150607	1005
2150609	1005
2151195	1005
2151427	1005
2151430	1005
2151434	1005
2151436	1005
2151437	1003
2151440	1005
2151824	533
2152110	1003
2152350	1003
2152355	1003
2152356	1003
2152360	1057
2152362	1005
2154081	2008
2154579	1003
2154581	1005
2154583	1005
2154584	751
2154585	1257
2154588	1005
2155203	2010
2155204	2010
2155205	1005
2155206	2008
2155207	1005
2155208	1005
2155510	1005
2155511	2010
2155512	1005
2155513	1005
2156026	1754
2156027	254
2156900	1003
2156901	1005
2156902	1003
2157713	1003
2157714	1003
2157715	1057
2160259	1003
2160260	1005
2160269	749
2160270	1259
2160271	2010
2160272	2008
2160280	2010
2160281	2761
2160282	1003
2160283	2010
2160284	1005
2160285	254
2160411	2010
2160412	2010
2160413	2008
2161299	751
2161300	254
2161900	1003
2161913	1005
2161918	1003
2162555	2006
2162556	1057
2163867	749
2163868	1259
2164536	2008
2164537	1005
2164538	1005
2164539	2008
2164540	1005
2165160	2010
2165161	1005
2165162	2010
2165163	1005
2165164	2759
2165165	1005
2165166	1259
2165167	1005
2165798	1005
2165812	2008
2166924	749
2166925	254
2166939	1005
2166944	1003
2167596	1003
2167597	1003
2167599	1057
2168323	751
2168324	254
2169165	1003
2169167	1003
2169736	1756
2169737	1259
2169738	1005
2169739	2008
2169740	2010
2169741	1005
2169742	1005
2170468	1756
2170469	1257
2170470	2010
2170471	2010
2170472	1003
2170473	1005
2170474	1005
2171135	1005
2171874	1003
2171875	1005
2171876	1003
2172565	749
2172566	1257
2172567	1057
2173575	1003
2173576	1005
2174566	2008
2174567	2010
2174568	1003
2174569	1005
2174570	1005
2174969	751
2174970	2010
2174971	2264
2174972	1005
2174973	1003
2174974	2010
2175596	2010
2175597	1754
2175598	1005
2175599	254
2176092	751
2176093	254
2177540	2008
2177541	1003
2177667	1003
2177668	1003
2177669	1057
2179215	2008
2179511	1003
2179512	1756
2179513	1259
2179517	1003
2179518	1005
2180020	1005
2180021	2010
2180022	2010
2180023	1005
2180024	1003
2180025	2010
2180026	1005
2180606	2010
2180607	1005
2180608	1003
2180609	1005
2181156	1005
2183065	1003
2183082	1752
2183083	254
2183087	1057
2183091	1005
2183094	1003
2183535	2008
2184486	2008
2184487	2010
2184488	1003
2184489	1005
2185040	1756
2185041	1259
2185042	2010
2185043	2008
2185044	1756
2185045	254
2185046	2010
2185477	2010
2185478	2008
2186135	1005
2187046	2008
2187047	1003
2187556	1752
2187557	254
2187558	1057
2188537	1003
2188538	1005
2189807	749
2189808	1259
2189809	2010
2189810	2008
2189938	2010
2189939	1005
2189941	1005
2189946	1005
2189950	1003
2189960	1005
2189961	1005
2189962	751
2189963	254
2191315	2010
2191316	2010
2191317	1003
2191318	1005
2191325	1005
2191907	1003
2191910	1754
2191911	254
2192576	1003
2192578	1003
2192582	1057
2193545	749
2193546	254
2193548	1005
2194486	749
2194487	1259
2194488	1005
2194489	1005
2194490	2008
2194931	2010
2194932	2010
2194933	1005
2194934	2008
2194935	1005
2194936	1005
2195349	2010
2195350	2010
2195351	2008
2196049	591
2196136	1005
2196885	2008
2196886	1003
2197530	749
2197531	254
2197532	1003
2197536	1057
2198545	1754
2198546	254
2199496	2008
2199497	1005
2199498	1005
2199499	2008
2199971	2010
2199972	2761
2199973	1003
2199974	2010
2199975	1005
2199976	254
2200359	2761
2200360	1259
2200361	2008
2201145	1005
2201886	2008
2201887	1003
2202556	2006
2202557	1057
2203546	2008
2204497	1003
2204498	1005
2204499	2010
2204500	2008
2204967	2010
2204968	2010
2204969	1756
2204970	1257
2204971	2010
2204972	1005
2206765	1005
2206772	1005
2206781	1005
2206786	1005
2206787	1003
2206788	751
2206789	254
2208665	2008
2208666	1003
2208681	1003
2208682	1754
2208683	1003
2208684	1311
2209488	2008
2209489	2010
2209490	1003
2209491	1005
2209977	659
2209978	751
2209979	1634
2209980	4894
2209981	4900
2209982	5715
2209983	4927
2209984	2451
2209986	8017
2209987	4794
2209988	5860
2209989	3728
2209990	1005
2209991	1005
2209992	1005
2209995	1005
2209996	1003
2210000	1756
2210001	254
2210002	1005
2211257	2010
2211258	1005
2211259	2008
2211260	1005
2211269	1005
2211270	533
2212518	1003
2212528	1005
2212530	1003
2213489	7557
2214202	1003
2214204	1005
2214207	1003
2214208	1003
2214210	1057
2214801	2008
2214802	2010
2214803	1003
2214804	1005
2214951	751
2214952	2010
2214953	2264
2214954	1005
2214955	1003
2214956	2010
2214957	1005
2215586	2010
2215587	2008
2215588	751
2215598	254
2216136	1005
2216896	2008
2216897	1003
2217556	2006
2217557	803
2217558	254
2218627	2008
2219488	1003
2219489	1005
2219490	2010
2219491	1003
2219492	1005
2219958	1005
2219959	1005
2219960	1756
2219961	1259
2219962	2008
2219963	1005
2219964	1005
2220557	2010
2220558	1756
2220559	1257
2220560	1005
2221148	1005
2221891	2008
2221892	1003
2222631	2006
2222633	1057
2223720	2008
2226423	2008
2226424	1005
2226425	1005
2226426	2008
2226433	1005
2226434	2010
2226435	1005
2226436	1005
2226437	2008
2226438	1005
2226439	1005
2226444	1005
2226445	2010
2226446	1005
2226447	1003
2226448	1005
2226453	1005
2228351	2008
2228353	1003
2228389	1003
2228390	1003
2228395	1057
2228656	2008
2229980	2008
2229981	1005
2229982	1005
2229983	2008
2230401	2010
2230402	1756
2230403	1259
2230404	2008
2230405	2010
2230406	1756
2230407	1005
2230408	1257
2230409	2010
2231260	1005
2232106	1003
2232107	1005
2232108	1003
2232576	749
2232577	1257
2232578	1057
2233570	1005
2233571	1003
2234559	2008
2234560	1005
2234561	1005
2234562	1003
2234563	2010
2235226	751
2235227	2010
2235228	254
2235229	2010
2235230	751
2235231	1257
2235232	1005
2235233	1005
2235234	1005
2235235	1005
2235236	1005
2235830	1005
2235839	1005
2235840	1003
2237114	749
2237115	254
2237129	1005
2237133	1003
2238796	1003
2238797	1003
2238798	1057
2238806	2008
2240048	2008
2240049	1005
2240050	1005
2240051	2008
2240540	2010
2240541	2010
2240542	1005
2240543	2008
2240544	1005
2240545	1005
2241102	2010
2241103	2010
2241104	1005
2241105	1003
2241106	1005
2241904	1003
2241914	1005
2241916	1003
2242788	1003
2242789	1003
2242791	1057
2243773	749
2243774	1259
2244371	7557
2244680	749
2244681	1259
2244682	2010
2244683	2008
2244684	1005
2245026	2010
2245027	2010
2245028	1756
2245029	1257
2245030	2010
2245605	1756
2245606	1005
2245607	1257
2245608	1005
2246236	1005
2246931	2008
2246932	1003
2247678	1752
2247679	254
2247680	1057
2248575	2008
2250392	1754
2250393	1005
2250394	2264
2250395	1003
2250396	1005
2250397	1005
2250399	2010
2250400	2761
2250401	1257
2250402	1005
2250403	2010
2251084	1005
2251088	1005
2251090	1005
2251091	1003
2251128	1005
2251897	2008
2251898	1003
2252557	1752
2252558	254
2252559	1057
2253529	2008
2254522	2008
2254523	1756
2254524	254
2254525	2008
2254942	2010
2254943	2010
2254944	1005
2254945	2008
2254946	1005
2254947	1005
2255361	2010
2255362	2010
2255363	1003
2255364	1005
2256059	591
2256163	1005
2256904	1003
2256914	1005
2256916	1003
2257557	2006
2257558	1057
2258547	1003
2258548	1005
2259159	749
2259160	254
2259729	1005
2259730	1005
2259731	2010
2259732	2008
2259733	2010
2259734	1005
2259735	1005
2260164	2010
2260165	2008
2260166	1005
2260167	2010
2260168	1005
2261409	1005
2261410	2008
2262087	2008
2262088	1003
2262568	1003
2262569	1003
2262570	1057
2263555	2008
2264494	1003
2264495	1005
2264496	1005
2264499	2008
2264501	1005
2264942	2010
2264943	1756
2264944	1259
2264945	2008
2264946	1005
2264947	1005
2265371	1005
2265374	1005
2265380	1005
2265383	2008
2265384	751
2265385	254
2266162	1005
2266887	2008
2266888	1003
2267571	2006
2267572	1057
2268536	1003
2268537	1005
2269524	659
2269525	749
2269526	1634
2269527	5711
2269528	5713
2269529	5719
2269530	5744
2269532	8017
2269533	1538
2269537	751
2269538	254
2269539	1005
2269540	1003
2269541	1005
2269942	751
2269943	2264
2269944	2010
2269945	1003
2269946	2010
2269947	1005
2270404	2129
2270405	6332
2270406	6393
2270407	533
2270409	1005
2270410	2010
2270412	1003
2270413	1005
2271146	751
2271147	254
2272196	1003
2272206	1005
2272208	1003
2272605	1003
2272606	1003
2272608	1057
2273550	2008
2274491	2008
2274492	2010
2274493	1003
2274494	1005
2274952	1005
2274953	2010
2274954	2010
2274955	1005
2274956	1003
2274957	2010
2274958	1005
2275590	1005
2275591	1005
2275592	2008
2275593	1005
2276147	1005
2276900	2008
2276901	749
2276902	254
2277567	2006
2277568	1057
2278649	2008
2279488	1003
2279489	1005
2279490	2010
2279491	2008
2279994	1005
2279995	2010
2279996	2010
2279997	1003
2279998	2010
2279999	1005
2280599	1005
2280601	751
2280602	254
2280605	1005
2280607	1005
2280608	1003
2280609	1005
2281190	1005
2281887	1003
2281888	1005
2281889	1003
2282568	2006
2282569	803
2282570	254
2283730	1754
2283731	254
2284699	2008
2284700	2010
2284701	749
2284702	1259
2284969	2010
2284970	1756
2284971	1259
2284972	2008
2284973	1005
2284974	1005
2285383	1005
2285384	1756
2285385	1005
2285386	1257
2285387	1005
2286160	1005
2286907	1003
2286917	1005
2286920	1003
2287749	2006
2287750	1057
2288572	1003
2288578	1005
2289498	2008
2289499	2010
2289500	1754
2289501	254
2289943	2010
2289944	2010
2289945	1005
2289946	2759
2289947	254
2289948	1005
2290361	2010
2290362	2010
2290363	1003
2290364	1005
2291150	1005
2291887	1003
2291888	1005
2291889	1003
2292568	2006
2292569	1057
2293541	2008
2294489	2008
2294490	1005
2294491	1005
2294492	2008
2294952	751
2294953	2264
2294954	1005
2294955	751
2294956	254
2294957	2008
2294958	1005
2294959	1005
2295373	1005
2295376	1005
2295379	1005
2295382	2008
2295383	1005
2296117	1005
2297068	749
2297069	1259
2297070	1003
2297567	749
2297568	254
2297610	1003
2297612	1057
2298527	2008
2299478	2008
2299479	2010
2299480	1754
2299481	254
2299923	2010
2299924	2010
2299925	1005
2299926	2759
2299927	254
2299928	1005
2300604	1005
2300605	2010
2300606	1005
2300607	2008
2301137	1005
2301897	1003
2301898	1005
2301902	1003
2302567	749
2302568	1257
2302569	1057
2303418	1005
2303937	1003
2304478	2008
2304479	1756
2304480	1003
2304481	1259
2304935	2010
2304936	2761
2304937	1003
2304938	2264
2304939	751
2304940	254
2305363	1005
2305365	1005
2305368	1005
2305370	1005
2305371	1003
2305373	1005
2306167	1005
2306876	1003
2306877	1005
2306878	1003
2307566	2006
2307567	1057
2308784	749
2308785	1259
2310024	2008
2310025	1756
2310026	1003
2310027	1259
2310044	1005
2310045	2010
2310046	2010
2310047	1003
2310048	2010
2310049	1005
2310853	1005
2310855	751
2310856	254
2310859	1005
2310861	1005
2310862	1003
2310863	1005
2311132	1005
2311413	7557
2311898	2008
2311899	1003
2312608	1003
2312609	1003
2312610	1057
2313528	2008
2314500	2008
2314501	1005
2314502	1005
2314503	1003
2314504	1005
2314963	751
2314964	2010
2314965	2264
2314966	1003
2314967	2010
2314968	751
2314969	254
2315815	751
2315816	254
2315819	1005
2315820	1005
2315821	1005
2315822	2008
2316068	591
2316147	1005
2316897	1003
2316914	1005
2316916	1003
2317749	1003
2317750	1003
2317751	1057
2318508	1005
2318927	1003
2319478	2008
2319479	1005
2319480	1754
2319481	1259
2319933	2010
2319934	1005
2319935	2010
2319936	2008
2319937	1005
2319938	1005
2320558	2010
2320559	1005
2320560	2008
2320561	1005
2321137	751
2321138	254
2321914	2008
2321915	1003
2322568	2006
2322569	1057
2323533	749
2323534	1259
2324509	749
2324510	1259
2324511	1003
2324944	2010
2324945	2761
2324946	254
2324947	2008
2324948	2010
2324949	1005
2324950	1005
2324951	1005
2325552	1005
2325555	1005
2325558	1005
2325560	751
2325561	1257
2325562	1005
2326143	1005
2326885	2008
2326886	1003
2327616	749
2327617	1257
2327618	1057
2328559	659
2328560	751
2328561	2449
2328562	4896
2328563	5713
2328564	5719
2328565	5744
2328567	6551
2328568	5727
2328569	5860
2328570	4261
2328937	1003
2329411	1756
2329412	1257
2329414	533
2329841	1756
2329842	1259
2329843	1005
2329844	2006
2329845	2010
2329846	2010
2329848	1005
2330450	2010
2330451	2010
2330452	2008
2330453	1005
2331148	1005
2331889	1003
2331902	1005
2331903	1003
2332558	2006
2332560	1057
2333463	751
2333464	254
2333938	1003
2334490	1005
2334491	2008
2334492	1005
2334493	2008
2334954	2010
2334955	1756
2334956	1259
2334957	2008
2334958	2010
2334959	751
2334960	254
2335590	2010
2335591	2008
2335592	1005
2336128	1005
2336898	1003
2336899	1005
2336900	1003
2337568	1752
2337569	254
2337570	1057
2338517	1005
2338928	1003
2339482	2008
2339483	1005
2339484	1005
2339485	2008
2339936	751
2339937	2010
2339938	2264
2339939	1003
2339940	2010
2339941	751
2339942	254
2340363	1005
2340366	1005
2340369	1005
2340372	2008
2340376	1005
2341130	1005
2341898	1754
2341899	254
2341900	1003
2342730	2006
2342731	1057
2343528	2008
2344173	1003
2344732	1756
2344733	254
2344734	2010
2344735	2008
2344736	2010
2344738	2010
2345354	1005
2345355	2008
2345356	1005
2345357	1005
2345358	2010
2345359	2008
2345360	1005
2346140	751
2346141	254
2346896	1003
2346906	1005
2346908	1003
2347558	1003
2347559	1003
2347560	1057
2348448	1005
2348938	1003
2349489	2008
2349490	2010
2349491	1754
2349492	254
2349954	2010
2349955	1756
2349956	1259
2349957	2008
2349958	2010
2349960	1005
2350860	2010
2350862	2008
2350863	1005
2351138	1005
2351898	1003
2351899	1005
2351900	1003
2352559	1003
2352560	1003
2352561	1057
2354143	1005
2354335	1003
2354336	1003
2354750	1005
2354751	1005
2354752	2010
2354753	1754
2354754	2264
2354756	2010
2355366	1005
2355375	1005
2355376	1003
2355378	1005
2355382	1005
2355383	1005
2355385	1005
2355386	2008
2355387	1005
2356156	751
2356157	254
2356979	2008
2356980	1003
2357599	1003
2357600	1003
2357601	1057
2358528	1005
2358941	749
2358942	254
2359479	2008
2359480	2010
2359481	1003
2359482	1005
2359934	2010
2359935	2761
2359936	1003
2359937	2010
2359938	1005
2359939	254
2360541	1005
2360542	2010
2360543	1005
2360544	2008
2361148	1005
2361886	1003
2361896	1005
2361898	1003
2362559	2006
2362560	1057
2363448	1005
2363938	1003
2364479	2008
2364481	2010
2364482	2008
2364964	2010
2364965	2010
2364966	1005
2364967	2008
2364968	2010
2364969	1005
2365431	1005
2365432	1005
2365433	2008
2365434	1005
2366138	1005
2366878	2008
2366879	1003
2367569	2006
2367570	1057
2368518	1005
2368928	1003
2369490	2008
2369491	2010
2369492	1003
2369493	1005
2369944	2010
2369945	2010
2369946	1005
2369947	2759
2369948	254
2369949	1005
2370374	1005
2370377	1005
2370381	1005
2370383	2008
2370384	1005
2371147	1005
2371889	2008
2371890	1003
2372569	2006
2372570	1057
2373518	1005
2373928	1003
2374480	2008
2374481	1005
2374482	1005
2374483	2008
2374954	2010
2374955	1005
2374956	2010
2374957	2008
2374958	1005
2374959	1005
2376069	591
2377252	1005
2377253	1005
2377254	2008
2377255	2010
2377256	1005
2377257	2006
2377258	1005
2377569	1003
2377570	1003
2377575	1057
2378587	1005
2378622	7557
2379433	1003
2379573	749
2379574	1259
2379575	2010
2379576	2008
2380500	1005
2380501	2010
2380502	2010
2380503	1754
2380504	1259
2380505	1005
2380506	1005
2380780	1005
2380781	1756
2380782	1257
2380783	1005
2381138	1005
2381883	1003
2381884	1005
2381885	1003
2382700	1003
2382701	1806
2382702	254
2383528	1003
2383529	1005
2384479	1003
2384480	1756
2384481	1259
2384482	2008
2384934	1005
2384935	2010
2384936	2010
2384937	1003
2384938	2010
2384939	1005
2385374	1005
2385377	1005
2385381	1005
2385383	2008
2385384	1005
2386151	1005
2386878	2008
2386879	1003
2387596	1408
2387598	3264
2387599	4898
2387600	5713
2387601	6534
2387602	4112
2387604	8550
2387605	2600
2387610	1057
2388427	533
2388428	6331
2388429	6393
2388430	533
2388939	1003
2389479	1003
2389480	1005
2389481	2010
2389482	2008
2389954	1005
2389955	2010
2389956	2010
2389957	1754
2389958	1259
2389959	1005
2390352	1005
2390353	2010
2390354	2008
2390355	1005
2391139	1005
2391896	1003
2391909	1005
2391911	1003
2392559	2006
2392561	1057
2393469	1005
2393939	1003
2394509	1003
2394510	1005
2394511	2010
2394512	2008
2394975	2010
2394976	1756
2394977	1259
2394978	2008
2394979	2010
2394980	751
2394981	254
2395600	1005
2395601	1005
2395602	2008
2395603	1005
2396139	1005
2396888	1754
2396889	1003
2396890	254
2397569	1752
2397570	254
2397571	1057
2398529	2008
2399489	749
2399490	1259
2399491	2010
2399492	2008
2399944	751
2399945	2010
2399946	2264
2399947	1003
2399948	2010
2399949	751
2399950	254
2400375	1005
2400378	1005
2400381	1005
2400383	1005
2400384	1003
2400385	1005
2401158	1005
2401899	1003
2401900	1005
2401901	1003
2402571	2006
2402573	1057
2403553	2008
2404490	2008
2404491	2010
2404492	1754
2404493	254
2404945	2010
2404946	1005
2404947	2010
2404948	1003
2404949	2010
2404950	1005
2405355	2010
2405356	2010
2405357	1003
2405358	1005
2406229	1005
2406896	1003
2406906	1005
2406907	749
2406908	254
2407569	749
2407570	1257
2407571	1057
2408489	1005
2408929	1003
2409490	2008
2409491	2010
2409492	1754
2409493	254
2409985	1005
2409986	2010
2409987	2010
2409988	1754
2409989	1259
2409990	1005
2409991	1005
2410611	2010
2410612	2008
2410613	1005
2411149	1005
2411890	2008
2411891	1003
2412580	2006
2412581	1057
2413545	2008
2414523	2008
2414524	2010
2414525	2008
2414935	2010
2414936	1005
2414937	2010
2414939	2008
2414940	1005
2414941	1005
2415566	751
2415567	254
2415569	1005
2415573	1005
2415575	1754
2415576	254
2415577	1005
2416152	1005
2416878	749
2416879	1259
2416880	1003
2417550	2006
2417551	1057
2418530	1003
2418531	1005
2419490	2008
2419491	2010
2419492	1003
2419493	1005
2419955	2010
2419956	1005
2419957	2010
2419958	2008
2419959	1005
2419960	1005
2420363	1005
2420364	2010
2420365	1754
2420366	1259
2421139	1005
2421888	1003
2421899	1005
2421905	1003
2422556	2006
2422557	1057
2423510	1005
2423919	1003
2424588	1005
2424589	1003
2424590	3015
2424591	1003
2424592	1005
2424593	1005
2425214	2010
2425215	2761
2425216	1257
2425217	2010
2425218	1005
2425219	1005
2425220	1005
2425831	2010
2425832	1003
2427234	1754
2427235	254
2427236	1003
2427590	2006
2427592	1057
2428529	1003
2428530	1005
2429490	749
2429491	1259
2429492	2010
2429493	2008
2429945	1005
2429946	1005
2429949	751
2429950	1259
2429951	1005
2429952	2759
2429953	254
2429954	1005
2430574	1005
2430577	1005
2430580	1005
2430583	2008
2430584	1005
2431209	1005
2431890	1003
2431891	1005
2431892	1003
2432550	2006
2432551	1057
2433521	2008
2434490	1754
2434491	1259
2434492	1005
2434493	2008
2434995	1756
2434996	1259
2434997	2010
2434998	1003
2434999	2010
2435000	751
2435001	254
2435557	2010
2435558	1005
2435559	2008
2435560	1005
2436079	591
2436149	751
2436150	254
2436898	1003
2436908	1005
2436910	1003
2437560	2006
2437561	803
2437562	254
2438520	1005
2438930	1003
2439493	2008
2439494	1005
2439495	1005
2439496	2008
2439956	2010
2439957	1005
2439958	2010
2439959	749
2439960	1259
2439961	1005
2439962	1005
2440373	2010
2440374	2010
2440375	2008
2441140	1005
2441880	1754
2441881	1003
2441882	254
2442557	2006
2442559	1057
2443601	2008
2444483	1003
2444484	1005
2444485	2010
2444486	2008
2445303	2010
2445304	1005
2445305	1005
2445306	2010
2445357	1005
2445365	1005
2445366	1003
2445368	1005
2445372	1005
2445373	1005
2445375	1754
2445376	1005
2445377	254
2445645	7557
2446158	1005
2446904	659
2446906	749
2446907	4894
2446908	6534
2446909	4898
2446910	5744
2446911	2451
2446913	11212
2446914	6393
2446915	6078
2446916	254
2446924	749
2446925	254
2447554	2006
2447556	1057
2448520	2008
2449490	749
2449491	1259
2449492	2010
2449493	2008
2449940	1005
2449941	2010
2449942	1005
2449943	1005
2449944	1003
2449945	2010
2449947	1005
2450545	2010
2450546	2010
2450547	2008
2451140	1005
2451897	749
2451898	254
2451907	751
2451908	254
2451909	1003
2452550	2006
2452552	1057
2453522	1005
2453931	749
2453932	254
2454490	749
2454491	1259
2454492	2010
2454493	2008
2454935	1005
2454936	2010
2454937	2010
2454938	1003
2454939	2010
2454940	1005
2455354	2761
2455355	1259
2455356	2008
2456170	1005
2457001	2008
2457002	1003
2457571	1003
2457572	1003
2457573	1057
2458582	2008
2459511	2008
2459512	2010
2459513	2008
2459946	751
2459947	2264
2459948	2010
2459949	1003
2459950	2010
2459951	1005
2460573	751
2460574	254
2460576	1005
2460580	1005
2460582	1005
2460583	1754
2460584	254
2461188	751
2461189	254
2462213	2008
2462214	1003
2462560	1003
2462561	1003
2462562	1057
2463520	2008
2464481	2008
2464482	2010
2464483	2008
2464948	1005
2464949	2010
2464950	1756
2464951	1003
2464952	2010
2464954	1259
2465376	2010
2465377	2010
2465378	2008
2466140	1005
2467062	1003
2467072	1005
2467074	1003
2467560	749
2467561	1257
2467562	1057
2468526	1003
2468532	1005
2469491	2008
2469492	2010
2469493	1003
2469494	1005
2469956	2010
2469957	2010
2469958	1005
2469959	2008
2469960	1005
2469961	1005
2470364	2010
2470365	2010
2470366	1003
2470367	1005
2471241	1005
2471879	749
2471880	1259
2471881	1003
2472561	2006
2472562	1057
2473631	1003
2473632	1005
2474481	2008
2474482	2010
2474483	749
2474484	1259
2474956	751
2474957	2010
2474958	2010
2474959	1003
2474960	2010
2474961	254
2474962	1005
2475386	1005
2475389	1005
2475392	1005
2475395	2008
2475396	1005
2476238	751
2476239	254
2476870	1003
2476871	1005
2476872	1003
2477561	2006
2477562	1057
2478520	1003
2478666	1005
2479481	2008
2479482	2010
2479483	1003
2479484	1005
2479946	2010
2479947	2761
2479948	254
2479949	2759
2479950	1005
2479951	254
2480360	1005
2480361	2010
2480362	1754
2480363	1259
2481140	1005
2481888	1003
2481899	1005
2481900	1003
2482555	749
2482556	1257
2482557	1057
2483546	1003
2483552	1005
2484492	2008
2484493	1005
2484494	1005
2484495	2008
2484962	2010
2484963	2010
2484965	2008
2484966	1005
2484967	1005
2485380	2010
2485381	2010
2485382	1005
2485383	1003
2485384	1005
2486150	1005
2486891	2008
2486892	1003
2487742	1752
2487743	254
2487744	1057
2488540	1003
2488541	1005
2489481	1754
2489482	1005
2489483	1259
2489484	2008
2489946	1005
2489947	2010
2489948	2010
2489949	1003
2489950	2010
2489951	1005
2490366	1005
2490368	1005
2490372	1005
2490374	2008
2490375	1005
2491159	1005
2491891	2008
2491892	1003
2492551	2006
2492552	1057
2493530	1003
2493531	1005
2494481	1003
2494482	1756
2494483	1259
2494484	2008
2494946	1756
2494947	1259
2494948	2010
2494949	1754
2494950	1259
2494951	1005
2495354	1756
2495355	1259
2495356	2008
2495357	1005
2496089	591
2496131	1005
2496891	1003
2496901	1005
2496903	1003
2497561	2006
2497563	1057
2498546	749
2498547	254
2498553	1005
2499568	2008
2499569	1754
2499570	1259
2499988	2010
2499989	2010
2499990	1005
2499991	2008
2499992	2010
2499993	1005
2499994	1005
2500593	2010
2500594	2008
2500595	1005
2501141	1005
2501870	2008
2501871	1003
2502551	2006
2502553	1057
2503541	2008
2504491	749
2504492	1259
2504493	2010
2504494	2008
2504946	1005
2504947	2010
2504948	2010
2504949	1003
2504950	2010
2504951	1005
2505565	1005
2505567	751
2505568	254
2505571	1005
2505573	1754
2505574	254
2505575	1005
2506190	659
2506191	751
2506192	1634
2506193	5711
2506194	5713
2506195	5719
2506196	4927
2506197	817
2506198	6551
2506199	3595
2506200	5860
2506201	6393
2506202	533
2506870	2008
2506871	749
2506872	254
2507561	1003
2507562	1003
2507563	1057
2508531	2008
2509492	1003
2509493	1005
2509494	2010
2509495	2008
2509956	1005
2509957	2010
2509958	2010
2509959	1003
2509960	2010
2509961	751
2509962	254
2510356	2010
2510357	2010
2510358	1003
2510359	1005
2511574	1005
2512059	1003
2512069	1005
2512071	1003
2512551	1752
2512552	254
2512553	1057
2513083	7557
2513547	1003
2513554	1005
2514492	2008
2514493	2010
2514494	2008
2515051	1005
2515052	2010
2515053	2010
2515054	1003
2515055	2010
2515056	1005
2515584	2010
2515585	2010
2515586	1754
2515587	254
2516151	1005
2516870	1003
2516871	1005
2516872	1003
2517561	1003
2517562	1003
2517563	1057
2518532	2008
2519482	2008
2519483	2010
2519484	2008
2519947	2010
2519948	2010
2519949	1005
2519950	2759
2519951	254
2519952	1005
2520565	751
2520566	254
2520568	1005
2520571	1005
2520574	2008
2520575	1005
2521159	751
2521160	254
2521884	1003
2521885	1005
2521886	1003
2522561	749
2522562	1257
2522563	1057
2523534	2008
2524482	2008
2524483	2010
2524484	1754
2524485	254
2525092	2010
2525093	1005
2525094	2010
2525095	1003
2525096	2010
2525097	1005
2525554	2010
2525555	2010
2525556	1003
2525557	1005
2526131	1005
2526903	1003
2526904	1005
2526905	1003
2527542	1003
2527543	1003
2527546	803
2527547	254
2528537	1003
2528543	1005
2529482	1003
2529483	1005
2529484	2010
2529485	2008
2529947	2010
2529948	1005
2529949	2010
2529950	2008
2529951	1756
2529952	254
2529953	1005
2530573	2010
2530574	1754
2530575	1005
2530576	254
2531132	1005
2531882	2008
2531883	1003
2532825	1003
2532826	1003
2532827	1057
2533521	1754
2533522	254
2534515	2008
2534516	2010
2534517	1754
2534518	254
2534938	751
2534939	2264
2534940	2010
2534941	1003
2534942	2010
2534943	1005
2535345	1005
2535346	2010
2535347	2008
2535348	1005
2535980	1005
2536882	2008
2536883	1003
2537562	2006
2537563	1057
2538526	749
2538527	1259
2539492	1754
2539493	1259
2539494	1005
2539495	2008
2539963	1005
2539964	2010
2539965	2010
2539966	1003
2539967	2010
2539968	1005
2540554	1005
2540555	2010
2540556	2008
2540557	1005
2541131	1005
2541882	2008
2541883	1003
2542543	1003
2542544	1003
2542548	1057
2543537	1003
2543543	1005
2544492	1754
2544493	1259
2544494	1005
2544495	2008
2544947	2010
2544948	1005
2544949	2010
2544950	2008
2544951	1005
2544952	1005
2545374	1005
2545375	2010
2545376	2008
2545377	1005
2546131	1005
2546932	1005
2546933	1003
2546934	1003
2547562	2006
2547564	1057
2548521	1003
2548522	1005
2549483	749
2549484	1259
2549485	2010
2549486	1754
2549487	254
2549937	1756
2549938	1259
2549939	2010
2549940	1754
2549941	1259
2549942	1005
2550365	1005
2550366	2010
2550367	1005
2550368	2008
2550990	1005
2551882	2008
2551883	1003
2552562	2006
2552563	803
2552564	254
2553532	2008
2554514	2008
2554515	2010
2554516	1003
2554517	1005
2554984	2010
2554985	2010
2554986	1005
2554987	2008
2554988	2010
2554990	1005
2555583	1005
2555584	1005
2555585	2008
2555586	751
2555587	254
2556089	591
2556131	1005
2556887	1003
2556888	2008
2557533	1003
2557534	1003
2557538	1057
2558527	1003
2558533	1005
2559492	2008
2559493	1005
2559494	1005
2559495	2008
2559956	1005
2559957	2010
2559958	2010
2559959	1754
2559960	1259
2559961	1005
2559962	1005
2560612	2010
2560613	751
2560614	1257
2560615	1005
2561131	1005
2561881	2008
2561882	749
2561883	254
2562566	1003
2562567	1003
2562568	1057
2563521	2008
2564482	2008
2564483	1756
2564484	1003
2564485	1259
2564945	1005
2564946	2010
2564947	2010
2564948	1003
2564949	2010
2564950	1005
2565396	659
2565397	751
2565398	1634
2565399	5711
2565400	5713
2565401	6536
2565402	4927
2565404	8017
2565405	5859
2565406	4735
2565413	1005
2565414	1754
2565415	254
2565417	1005
2565992	751
2565993	254
2566011	2132
2566012	3194
2566891	1003
2566892	1005
2566893	1003
2567561	1003
2567562	1003
2567563	1057
2568521	2008
2569492	1754
2569493	1259
2569494	1005
2569495	2008
2569937	1005
2569938	2010
2569939	2010
2569940	1003
2569941	1005
2569942	1005
2569943	1005
2570354	1756
2570355	1259
2570356	2008
2570357	1005
2571141	1005
2571891	1003
2571892	1005
2571893	1003
2572563	749
2572564	254
2572565	1003
2572569	1057
2573527	1003
2573533	1005
2574492	1754
2574493	1259
2574494	1005
2574495	2008
2574935	1005
2574936	2010
2574937	2010
2574938	1003
2574939	2010
2574940	751
2574941	254
2575404	2010
2575405	2010
2575406	2008
2576131	751
2576132	254
2577039	1754
2577040	254
2577041	1003
2577562	2006
2577563	1057
2578786	1003
2578787	1005
2579484	749
2579485	1259
2579486	2010
2579487	2008
2579968	1756
2579969	1259
2579970	2010
2579971	1003
2579972	751
2580201	254
2580202	1005
2580203	1005
2580595	1005
2580598	1005
2580601	1005
2580604	2008
2580605	1005
2580628	7557
2581140	1005
2581881	1003
2581882	1005
2581883	1003
2582593	1003
2582594	1003
2582595	1057
2583531	1003
2583532	1005
2584492	1003
2584493	1005
2584494	2010
2584495	2008
2584946	1005
2584947	2010
2584948	1005
2584949	1005
2584950	2759
2584951	254
2584952	1005
2585358	2010
2585359	1005
2585360	2008
2585361	1005
2586132	1005
2586881	1003
2586882	1005
2586883	1003
2587493	1003
2587494	749
2587495	254
2587498	1057
2588537	1003
2588543	1005
2589482	1003
2589483	1005
2589484	2010
2589485	2008
2589926	2010
2589927	2761
2589928	1257
2589929	2010
2589930	1005
2590434	2010
2590435	2010
2590436	1003
2590437	1005
2591142	1005
2591891	749
2591892	1259
2591893	1003
2592562	2006
2592563	803
2592564	254
2593531	749
2593532	1259
2594492	1005
2594493	2008
2594494	1005
2594495	2008
2594946	2010
2594947	2010
2594948	1005
2594949	2008
2594950	1005
2594951	1005
2595354	1005
2595355	2010
2595356	1005
2595357	2008
2596001	1005
2596882	2008
2596883	1003
2597552	1003
2597553	1003
2597554	1057
2598521	749
2598522	1259
2599493	2008
2599494	2010
2599495	2008
2599936	1756
2599937	1259
2599938	2010
2599939	1754
2599940	1005
2599941	1005
2599942	254
2600354	1005
2600355	2010
2600356	1754
2600357	1259
2601132	1005
2601882	2008
2601883	1003
2602554	1003
2602556	1003
2602559	1057
2603537	749
2603538	254
2603544	1005
2604473	2008
2604474	2010
2604475	1003
2604476	1005
2604956	1756
2604957	1259
2604958	2010
2604959	1005
2604960	1754
2604961	1259
2604962	1005
2605444	2010
2605445	1005
2605446	1003
2605447	1005
2606132	1005
2606892	2008
2606893	1003
2607562	1003
2607563	1003
2607564	1057
2608532	2008
2609483	1003
2609484	2010
2609485	1005
2609486	2008
2609936	2010
2609937	1756
2609938	1259
2609939	2008
2609940	1005
2609941	1005
2610355	2010
2610356	2010
2610357	2008
2610991	1005
2611882	2008
2611883	1003
2612562	1003
2612563	1003
2612564	1057
2613532	2008
2614493	2008
2614494	2010
2614495	1003
2614496	1005
2614932	1005
2614933	2010
2614934	2010
2614935	1003
2614936	2010
2614937	1005
2615544	2010
2615545	2010
2615546	1754
2615547	254
2616100	591
2616152	1005
2616882	1754
2616883	1003
2616884	254
2617564	1003
2617565	1003
2617569	1057
2618538	1003
2618543	751
2618544	254
2619493	2008
2619494	1005
2619495	1005
2619496	2008
2619956	751
2619957	1259
2619958	2761
2619959	254
2619960	2008
2619961	2010
2619962	1005
2620444	1005
2620445	1005
2620446	2008
2620447	1005
2621132	1005
2621882	1003
2621883	1005
2621884	1003
2622554	2006
2622555	1057
2623532	2008
2624514	659
2624515	749
2624516	2449
2624517	5713
2624518	5713
2624519	5719
2624520	4927
2624522	9616
2624523	4732
2624528	1005
2624530	1005
2624531	1003
2624532	751
2624533	254
2624979	1005
2624980	2010
2624981	2010
2624982	1003
2624983	2010
2624984	1005
2625415	1005
2625416	2010
2625417	751
2625418	2854
2625419	5800
2625420	3197
2626021	1005
2626882	1003
2626883	1005
2626884	1003
2627553	2006
2627554	1057
2628540	1003
2628543	1005
2629493	1754
2629494	1005
2629495	1259
2629496	2008
2629940	1005
2629941	2010
2629942	2010
2629943	1005
2629944	1003
2629945	2010
2629946	1005
2630565	2010
2630569	1005
2630570	1003
2630571	1005
2631142	751
2631143	254
2631882	1003
2631883	1005
2631884	1003
2632544	1003
2632545	1003
2632549	1057
2633538	1003
2633544	1005
2634483	1754
2634484	1259
2634485	1005
2634486	2008
2634926	1005
2634927	2010
2634928	2010
2634929	1003
2634930	2010
2634931	751
2634932	254
2635386	1005
2635387	1756
2635388	1259
2635389	1003
2635390	1005
2636133	1005
2636882	1003
2636883	1005
2636884	1003
2637765	1003
2637766	1806
2637767	254
2638532	1003
2638533	1005
2639586	2008
2639587	2010
2639588	2008
2640137	1005
2640138	2010
2640139	2010
2640140	1005
2640141	1003
2640142	2010
2640143	1756
2640144	1259
2640145	1005
2640774	1005
2640782	2008
2641893	2008
2641894	1003
2642554	2006
2642556	1057
2643534	2008
2644510	2008
2644511	2010
2644512	1003
2644513	1005
2644948	2010
2644949	1005
2644950	2010
2644951	1003
2644952	2010
2644954	1005
2646191	2010
2646192	2010
2646193	2008
2646210	1005
2647293	1754
2647294	254
2647295	1003
2647545	1003
2647546	1003
2647549	803
2647550	254
2648390	7557
2648539	1003
2648545	1005
2649473	1003
2649474	1005
2649475	2010
2649476	2008
2649947	2010
2649948	1756
2649949	1259
2649950	2008
2649951	1005
2649952	1005
2650356	1005
2650357	1756
2650358	1259
2650359	1003
2650360	1005
2651133	1005
2651895	2008
2651896	1003
2652556	1752
2652557	254
2652558	1057
2653523	2008
2654634	2008
2654635	2010
2654636	2008
2654937	751
2654938	2264
2654939	2010
2654940	1003
2654941	2010
2654942	1005
2655357	2010
2655358	2010
2655359	1754
2655360	254
2656012	1005
2656893	1003
2656894	1005
2656895	1003
2657574	2006
2657575	1057
2658523	2008
2659876	2008
2659877	2010
2659878	1754
2659879	254
2660057	1005
2660058	2010
2660059	2010
2660060	2008
2660061	1005
2660062	1005
2660063	2010
2662434	2010
2662435	2008
2662443	1005
2662454	2008
2662455	1003
2662554	1003
2662555	1003
2662559	1057
2664038	2008
2664167	1003
2664735	2010
2664736	2010
2664737	2008
2664738	1756
2664739	1005
2664740	1259
2665496	1005
2665497	2008
2665498	1005
2665499	1005
2665500	2010
2665501	1003
2665502	1005
2665503	1005
2666235	1005
2666893	2008
2666894	1003
2667581	2006
2667585	1057
2668524	1003
2668525	1005
2670372	1005
2670373	2008
2670374	1005
2670375	2008
2670382	2010
2670383	1005
2670384	2010
2670385	2008
2670386	1005
2670387	1005
2670392	2010
2670393	2010
2670394	1003
2670395	1005
2671973	1005
2671985	1003
2671997	1005
2671999	1003
2672553	1003
2672554	1003
2672555	1057
2673523	2008
2674474	2008
2674475	2010
2674476	1003
2674477	1005
2674959	1005
2674960	2010
2674961	2010
2674962	1003
2674963	2010
2674964	1005
2675356	2010
2675357	2010
2675358	1754
2675359	254
2676109	591
2676133	1005
2676873	1003
2676875	1005
2676876	1003
2677576	1003
2677577	1003
2677581	1057
2678565	1754
2678566	254
2679484	2008
2679485	1756
2679486	254
2679487	2008
2679937	1005
2679938	2010
2679939	2010
2679940	749
2679941	1005
2679942	1259
2679943	1005
2680851	1756
2680852	1259
2680853	2008
2680854	1005
2681075	751
2681076	254
2682372	2008
2682373	1003
2682774	749
2682775	1257
2682776	1057
2683546	659
2683547	751
2683548	2449
2683549	5713
2683550	5713
2683551	5719
2683552	4927
2683554	9082
2683555	2130
2683556	5860
2683557	6076
2683558	254
2684450	1005
2684451	1005
2684452	1003
2684453	533
2684877	2010
2684879	2010
2684880	2006
2684881	2010
2684882	1005
2684883	1005
2684884	1005
2685518	751
2685519	1259
2685520	1005
2685521	2010
2685522	1003
2685523	1005
2686227	751
2686228	254
2686873	1003
2686874	1005
2686875	1003
2687604	2006
2687605	1057
2689465	2008
2690363	1003
2690364	1005
2690365	2010
2690366	2008
2690373	1005
2690374	2010
2690375	2010
2690376	1003
2690377	2010
2690378	1005
2690382	2010
2690383	1005
2690384	2008
2690385	1005
2691144	1005
2691883	1003
2691884	1005
2691885	1003
2692556	1003
2692557	1003
2692560	1057
2694035	1754
2694036	254
2694490	2008
2694491	1756
2694492	1003
2694493	1259
2694979	2010
2694980	1005
2694981	1005
2694982	2008
2694983	1005
2694984	1005
2695395	2010
2695396	1005
2695397	1005
2695398	2008
2695400	1005
2696156	1005
2696874	2008
2696875	1003
2697564	2006
2697565	1057
2698542	2008
2699494	1003
2699495	1005
2699496	2010
2699497	2008
2699928	2010
2699929	2761
2699930	1003
2699931	2264
2699932	1005
2700346	1005
2700347	2010
2700348	1754
2700349	1259
2702395	1005
2702396	749
2702397	254
2702402	1005
2702404	1003
2704451	2006
2704452	1057
2704464	2008
2704485	2759
2704486	1259
2704487	2008
2706622	1005
2706623	2010
2706626	1005
2706627	1005
2706631	749
2706632	254
2706637	1005
2706638	1005
2706643	1005
2706644	751
2706645	2264
2706646	1005
2706647	2008
2706649	1005
2707282	2008
2707283	1003
2707576	749
2707577	1257
2707578	1057
2708216	1005
2708941	1003
2709494	1754
2709495	1259
2709496	1005
2709497	2008
2709939	1005
2709940	2010
2709941	1005
2709942	1005
2709943	1754
2709944	1259
2709945	1005
2710357	2010
2710358	1005
2710359	2008
2710360	751
2710363	254
2711135	1005
2711886	2008
2711887	1003
2712854	2006
2712855	803
2712856	254
2713544	2008
2715640	749
2715641	1259
2715642	2010
2715643	1754
2715644	254
2715650	751
2715651	2010
2715652	2264
2715653	1003
2715654	2010
2715656	1005
2715670	1005
2715673	1005
2715677	1005
2715679	1754
2715680	1005
2715681	254
2715930	7557
2716658	1005
2717715	1003
2717716	1005
2717717	1003
2717726	749
2717727	254
2717729	1003
2717734	1057
2718631	2008
2719498	1003
2719499	1005
2719561	1005
2719562	1005
2719563	2008
2719938	2010
2719939	1005
2719940	2010
2719941	2008
2719942	1005
2719943	1005
2720347	2010
2720348	1005
2720349	2008
2720350	1005
2721144	1005
2721894	2008
2721896	1003
2722546	1003
2722547	1003
2722551	1057
2723529	2008
2724158	1003
2724726	1005
2724727	1005
2724728	1005
2724729	1754
2724730	1259
2724731	2010
2724732	1756
2724733	254
2725359	2010
2725360	2008
2725361	1005
2725362	2010
2725363	2008
2725364	1005
2726134	1005
2726884	2008
2726885	1003
2727555	2006
2727556	1057
2728526	2008
2729487	1754
2729488	1259
2729489	1005
2729490	2008
2729940	751
2729941	254
2729942	1756
2729943	2264
2729945	2008
2729946	1005
2729947	1005
2730359	1005
2730360	2010
2730361	1005
2730362	1003
2730363	1005
2730795	1005
2731922	749
2731923	254
2731937	1005
2731941	749
2731942	254
2732564	1003
2732565	1003
2732566	803
2732567	254
2733527	2008
2734475	1003
2734476	1005
2734477	1005
2734478	1005
2734479	2008
2734929	2010
2734930	1005
2734931	1756
2734932	254
2734933	2008
2734934	1005
2734935	751
2734936	254
2735357	751
2735358	1259
2735359	2010
2735360	749
2735361	1005
2735362	254
2736119	591
2736135	1005
2736894	1003
2736896	1005
2736897	1003
2737539	1003
2737540	1003
2737544	803
2737545	254
2738544	749
2738545	254
2738546	1005
2739153	1003
2739727	1756
2739728	254
2739729	2010
2739730	1003
2739731	1005
2739732	2010
2739733	751
2739734	1259
2740431	2010
2740432	2008
2740433	1005
2740434	2010
2740435	2008
2740436	1005
2741182	1005
2741894	1003
2741895	1005
2741896	1003
2742570	1408
2742572	4894
2742573	5719
2742574	5713
2742575	6561
2742576	1634
2742577	7283
2742578	3931
2742579	1003
2742584	1057
2743395	5267
2743396	6390
2743397	1066
2743932	749
2743933	254
2744483	1754
2744484	1005
2744485	1259
2744486	2008
2744949	1005
2744950	2010
2744951	2010
2744952	1003
2744953	2010
2744954	1005
2745357	2010
2745358	1756
2745359	1257
2745360	1005
2745995	1005
2746884	749
2746885	1259
2746886	1003
2747575	1003
2747577	1003
2747580	1057
2748827	2008
2749718	2008
2749719	1756
2749720	1003
2749721	1259
2749948	751
2749949	2264
2749950	2010
2749951	749
2749952	2264
2749953	751
2749954	254
2750348	2010
2750349	2010
2750350	2008
2751139	1005
2751884	1003
2751885	1005
2751886	1003
2752547	1752
2752548	254
2752551	1057
2753538	2008
2754151	1003
2754761	1005
2754762	1756
2754763	1259
2754764	2008
2754765	2010
2754766	1005
2754767	1005
2755359	1005
2755360	2008
2755361	2010
2755362	2010
2755363	1003
2755364	1005
2755365	1005
2756135	1005
2756895	2008
2756896	1003
2757557	2006
2757558	1057
2758535	2008
2759487	749
2759488	1259
2759489	2010
2759490	2008
2759979	2010
2759980	2761
2759981	1003
2759982	2264
2759983	751
2759984	254
2760486	2010
2760487	2010
2760488	2008
2761005	751
2761006	254
2761885	2008
2761886	1003
2762575	1003
2762577	1003
2762580	803
2762581	254
2763540	1003
2763541	1005
2764599	2010
2764600	1003
2764601	1005
2764940	2010
2764941	1005
2764942	2010
2764943	1003
2764944	1754
2764945	1259
2764946	2010
2765370	2010
2765371	1005
2765372	2008
2765373	1005
2766223	1005
2766885	2008
2766886	1003
2767577	1003
2767578	749
2767579	254
2767582	1057
2768536	2008
2769602	1003
2770026	1005
2770027	1005
2770028	2010
2770029	1754
2770030	2010
2770031	254
2770032	2010
2771484	2010
2771485	2008
2771486	2010
2771487	1005
2771488	1005
2771489	2008
2771490	751
2771491	254
2771951	1003
2771952	1005
2771953	1003
2772555	749
2772556	1257
2772557	1057
2773609	2008
2774490	1754
2774491	1259
2774492	1005
2774494	1003
2774495	1005
2774940	2010
2774941	1756
2774942	1259
2774943	1003
2774944	2010
2774946	1005
2775623	1005
2775626	1005
2775630	1005
2775633	1005
2775634	1003
2775635	1005
2776135	1005
2776876	2008
2776877	1003
2777510	1003
2777512	1003
2777516	1057
2778525	2008
2779486	1003
2779487	1005
2779488	2010
2779489	2008
2780100	751
2780101	2010
2780102	2010
2780103	1003
2780104	2010
2780105	1005
2780106	254
2781690	1005
2781691	2010
2781692	1005
2781693	2008
2781710	1005
2781889	2008
2781890	1003
2782578	1003
2782579	1003
2782583	1057
2783230	7557
2783535	2008
2784169	749
2784170	254
2784727	2010
2784728	2010
2784729	1003
2784730	1756
2784731	1259
2784732	1005
2784733	1005
2785369	1756
2785370	1257
2785371	1756
2785372	1259
2785375	2008
2785376	1005
2785377	1005
2786135	1005
2787275	2008
2787276	1003
2787599	1003
2787600	1003
2787601	1057
2788535	1003
2788536	1005
2789476	2008
2789477	1005
2789478	1005
2789479	2008
2789934	1005
2789935	2010
2789936	2010
2789937	1003
2789938	2010
2789940	1005
2790354	2010
2790355	1756
2790356	1257
2790357	1005
2791097	1005
2791885	2008
2791886	1003
2792496	1003
2792498	1003
2792501	1057
2793545	1003
2793546	1005
2794606	1003
2794607	1756
2794608	1259
2794609	2008
2795201	1005
2795202	2010
2795203	2010
2795204	1003
2795205	2010
2795206	1005
2795419	2761
2795420	1259
2795421	1003
2795422	1005
2796129	591
2796275	1005
2796895	1003
2796896	751
2796897	254
2796898	1003
2797577	1003
2797578	1003
2797582	1057
2798537	2008
2799160	1003
2799727	2010
2799728	2010
2799729	1003
2799730	1005
2799731	2010
2799732	2010
2800359	1005
2800360	2008
2800361	2010
2800362	2010
2800363	749
2800364	1259
2800365	1005
2801135	1005
2801904	659
2801905	749
2801906	4894
2801907	6534
2801908	5715
2801909	5744
2801910	1634
2801911	7283
2801912	4462
2801913	6393
2801914	5799
2801924	1003
2802599	2006
2802603	1057
2803537	1003
2803538	1005
2804486	1003
2804487	1005
2804488	2010
2804489	2008
2805066	751
2805067	2010
2805068	2264
2805069	1003
2805070	2010
2805071	1005
2805350	2010
2805351	2010
2805352	1003
2805353	1005
2806344	1005
2806881	2008
2806882	1003
2807516	1003
2807518	1003
2807521	1057
2808535	749
2808536	1259
2809486	749
2809487	1259
2809488	2010
2809489	2008
2809944	2010
2809945	1005
2809946	2010
2809947	2008
2809948	1005
2809949	1005
2810426	1005
2810427	2010
2810428	1005
2810429	2008
2811146	1005
2811886	1003
2811887	1005
2811888	1003
2812578	1003
2812579	1003
2812582	1057
2813552	2008
2814409	1003
2815435	1756
2815436	1259
2815437	1005
2815438	2008
2815439	2010
2815440	1756
2815441	1257
2815442	2010
2815443	2010
2815444	751
2815445	1259
2815446	1003
2815447	2010
2816145	1005
2817311	2008
2817312	1003
2817591	1003
2817592	1003
2817593	1057
2818571	749
2818572	1259
2819476	1003
2819477	1005
2819478	2010
2819479	2008
2819940	2010
2819941	2010
2819942	1005
2819943	2759
2819944	254
2819945	1005
2820352	1005
2820353	2010
2820354	2008
2820355	1005
2820986	1005
2821886	2008
2821887	1003
2822546	1003
2822548	1003
2822552	1057
2823536	2008
2824487	1754
2824488	1259
2824489	1005
2824490	2008
2824943	1756
2824944	1259
2824945	2010
2824946	1003
2824947	2010
2824948	751
2824949	254
2825355	1005
2825356	1005
2825357	1005
2825358	1005
2825359	2008
2826136	1005
2826876	2008
2826877	1003
2827579	1003
2827580	1003
2827584	1057
2828536	2008
2829171	1003
2829727	1005
2829728	1005
2829729	2010
2829730	2008
2829731	1005
2829732	1005
2829733	2010
2830360	2010
2830361	1003
2830362	2010
2830363	2010
2830364	1754
2830365	1005
2830366	254
2831175	1005
2831886	2008
2831887	1003
2832556	1752
2832557	254
2832558	1057
2833526	2008
2834495	2008
2834496	1756
2834497	1003
2834498	1259
2835312	1756
2835313	1259
2835314	2010
2835315	1754
2835316	1259
2835317	1005
2835380	1005
2835381	2010
2835382	1005
2835383	2008
2835997	1005
2836886	2008
2836887	1003
2837556	1003
2837558	1003
2837561	803
2837562	254
2838557	2008
2839477	2008
2839478	2010
2839479	2008
2840110	1756
2840111	1259
2840112	2010
2840113	2008
2840114	1756
2840115	1005
2840116	1259
2840117	1005
2840518	2010
2840519	1003
2841136	1005
2841896	1754
2841897	1003
2841898	254
2842573	1003
2842574	1003
2842577	803
2842578	254
2843536	1003
2843537	1005
2844157	1003
2845422	2010
2845423	2010
2845424	1754
2845425	2264
2845426	1005
2845427	1005
2845431	1005
2845432	2008
2845433	2010
2845434	2010
2845435	1003
2845436	1005
2845437	1005
2846147	1005
2846886	1003
2846887	1005
2846888	1003
2847557	2006
2847558	1057
2848530	2008
2849696	1754
2849697	254
2849698	2010
2849699	2008
2849943	2010
2849944	1756
2849945	1259
2849946	2008
2849947	1005
2849948	1005
2851700	7557
2851986	2010
2851987	2010
2851990	1003
2851996	1005
2852003	1005
2852005	1752
2852006	1259
2853077	1003
2853080	1003
2853084	1057
2853539	1754
2853540	254
2854483	2008
2854484	2010
2854485	1003
2854486	1005
2855098	2010
2855099	2010
2855100	1005
2855101	2008
2855102	1005
2855103	1005
2856139	591
2856673	1005
2856674	2010
2856675	1754
2856676	1259
2856693	1005
2857161	2008
2857162	1003
2857568	1003
2857569	1003
2857573	1057
2858547	2008
2859174	1003
2859728	2010
2859729	1756
2859730	1257
2859731	1005
2859732	2010
2859733	2010
2860367	1005
2860368	2008
2860369	2010
2860370	1005
2860371	1005
2860372	2008
2860373	1005
2861173	659
2861174	751
2861175	817
2861176	4077
2861177	5719
2861178	5713
2861179	5744
2861180	2451
2861182	11213
2861183	3195
2862202	1003
2862203	2601
2862204	5862
2862205	1066
2862207	1003
2863283	1003
2863284	1003
2863285	1057
2863539	2008
2864477	1003
2864478	1005
2864483	2010
2864484	1003
2864485	1005
2865051	751
2865052	2010
2865053	1259
2865054	1005
2865055	2008
2865056	2010
2865057	1756
2865058	254
2865653	2010
2865654	1005
2865655	1003
2866201	1005
2867077	1003
2867078	1005
2867079	1003
2867517	1003
2867520	1003
2867524	1057
2868534	1003
2868535	1005
2869497	1003
2869498	1005
2869499	2010
2869500	2008
2869941	2010
2869942	2010
2869943	1005
2869944	2008
2869945	1005
2869946	1005
2870350	1005
2870351	2010
2870352	2008
2870353	1005
2871198	1005
2871887	2008
2871888	1003
2872569	1003
2872570	1003
2872573	1057
2873537	2008
2874161	1003
2874730	2010
2874731	2010
2874732	1003
2874733	1756
2874734	1259
2874735	2010
2875350	1756
2875351	1257
2875352	2010
2875353	2010
2875354	1003
2875355	1756
2875357	254
2876137	1005
2876954	1003
2876955	1005
2876956	1003
2877647	1003
2877648	1003
2877649	1057
2878527	2008
2879488	2008
2879489	1005
2879490	1754
2879491	1259
2879951	2010
2879952	1756
2879953	1259
2879954	2008
2879955	1005
2879956	1005
2880640	1005
2880641	2010
2880642	2008
2880643	1005
2881158	1005
2881877	2008
2881878	1003
2882518	1003
2882520	1003
2882523	1057
2883818	1003
2883819	1005
2884498	2008
2884499	1005
2884500	2008
2884501	1005
2884951	1005
2884952	2010
2884953	1756
2884954	1257
2884955	2010
2884956	1005
2885361	1005
2885362	2010
2885363	2008
2885364	1005
2886764	1005
2886919	1754
2886920	254
2886921	1003
2887569	1003
2887570	1003
2887574	1057
2888537	1003
2888538	1005
2889423	2008
2889784	751
2889785	1259
2889786	2010
2889787	2008
2889788	1005
2889789	1005
2889790	2010
2890451	1756
2890452	1257
2890453	2010
2890454	2010
2890455	1754
2890456	254
2891154	1005
2891887	2008
2891888	1003
2892591	1003
2892592	1003
2892593	1057
2893544	2008
2894488	1003
2894489	1005
2894490	2010
2894491	2008
2894944	2010
2894945	1005
2894946	2010
2894947	749
2894948	2264
2894950	1005
2895793	751
2895794	254
2895795	2010
2895796	1754
2895797	1259
2896485	1005
2896911	1003
2896912	1005
2896913	1003
2897550	1003
2897552	1003
2897555	803
2897556	254
2898537	1754
2898538	254
2899488	2008
2899489	1005
2899490	1005
2899491	2008
2899941	1005
2899942	2010
2899943	2010
2899944	1003
2899948	2010
2899949	1005
2900370	751
2900371	2010
2900372	1259
2900373	2008
2901137	1005
2901887	1754
2901888	254
2901889	1003
2902579	1003
2902580	1003
2902584	1057
2903527	1003
2903528	1005
2904201	1003
2904729	2010
2904730	2010
2904731	1754
2904732	1259
2904733	1005
2904734	2010
2905371	1005
2905372	2008
2905373	2010
2905374	1005
2905375	1005
2905376	2008
2905377	1005
2906137	1005
2906897	1003
2906898	1005
2906899	1003
2907568	2006
2907569	1057
2908527	1003
2908528	1005
2909488	1754
2909489	1259
2909490	1005
2909491	2008
2909932	2010
2909933	2761
2909934	1003
2909935	2010
2909936	254
2909938	751
2909939	254
2910351	1756
2910352	1259
2910353	2008
2910354	1005
2911148	1005
2911905	2008
2911906	1003
2912557	749
2912558	254
2912560	1003
2912563	1057
2913527	1003
2913528	1005
2914489	2008
2914490	2010
2914491	1754
2914492	254
2914942	2010
2914943	2010
2914944	1005
2914945	2759
2914946	254
2914947	1005
2915506	1756
2915507	254
2915508	2010
2915509	2008
2916138	1005
2916149	591
2916908	2008
2916909	1003
2918400	1003
2918401	1003
2918405	1057
2918590	1005
2919116	1003
2919412	7557
2920099	1754
2920100	1259
2920101	1005
2920102	2008
2920109	2010
2920110	1005
2920111	2010
2920112	2008
2920113	1005
2920114	1005
2920989	659
2920990	2385
2920991	5711
2920992	6530
2920993	5719
2920994	4927
2920996	9615
2920997	4734
2921003	751
2921004	1259
2921005	1003
2921007	1005
2922050	1005
2922060	2008
2922061	1003
2923022	2006
2923023	4786
2923024	1597
2923025	4262
2924686	1005
2924696	1003
2924706	1754
2924707	1259
2924708	1005
2924709	2008
2925273	2010
2925275	2010
2925276	1754
2925277	2010
2925278	254
2925279	1005
2925813	1756
2925814	1259
2925815	2008
2925816	1005
2926148	1005
2926668	1003
2927175	1003
2927187	1005
2927626	2006
2927627	803
2927628	254
2930001	1005
2930002	1003
2930003	2008
2930004	2010
2930005	1754
2930006	254
2930014	2010
2930015	3015
2930016	749
2930017	2264
2930018	1005
2930799	1005
2930800	2010
2930801	2008
2930802	1005
2931171	1005
2931888	2008
2931889	1003
2932570	1003
2932571	1003
2932575	1057
2933529	2008
2934749	1005
2934750	1005
2934751	2010
2934752	2008
2934755	1005
2934756	1005
2934757	1003
2934759	2010
2935964	2010
2935965	1003
2935966	2010
2935967	2010
2935968	1754
2935969	254
2935970	1005
2936927	1005
2936936	2008
2936937	1003
2938513	1003
2938514	1003
2938515	1057
2938686	1005
2939082	749
2939083	254
2940243	2008
2940244	1756
2940245	1003
2940246	1259
2940253	1005
2940254	2010
2940255	2010
2940256	1754
2940257	1259
2940258	1005
2940580	1756
2940581	1259
2940582	2008
2940583	1005
2941308	1005
2941795	1005
2941796	1003
2942942	1003
2942948	1003
2942950	1003
2942955	1057
2943528	1005
2943928	1003
2944479	2008
2944480	2010
2944481	1754
2944482	254
2944942	1005
2944943	2010
2944944	1005
2944945	1005
2944946	2759
2944947	254
2944948	1005
2945362	2010
2945363	2010
2945364	1003
2945365	1005
2946141	1005
2946888	2008
2946889	749
2946890	254
2947571	1003
2947572	1003
2947575	1057
2948518	1005
2949062	1003
2949499	2008
2949500	2010
2949501	1003
2949502	1005
2950161	2010
2950162	1005
2950163	2010
2950164	2008
2950165	1005
2950166	1005
2950554	1005
2950555	2010
2950556	1005
2950557	2008
2951370	1005
2951940	749
2951941	1259
2951942	1003
2953383	2006
2953384	1057
2953535	1005
2954261	749
2954262	254
2956020	749
2956021	1259
2956022	2010
2956023	2010
2956024	1005
2956025	2008
2956026	2010
2956027	1005
2956028	2008
2956029	1756
2956030	1259
2956031	2008
2956032	751
2956033	1259
2956424	1005
2956888	1003
2956889	1005
2956890	1003
2957548	1003
2957550	1003
2957554	1057
2958556	1005
2958939	1003
2959726	1003
2959727	1005
2959728	2010
2959729	2008
2959952	751
2959953	2264
2959954	2010
2959955	1003
2959956	2010
2959957	1005
2960371	1756
2960372	1259
2960379	1005
2960380	1003
2960381	1005
2961147	1005
2961878	1754
2961879	1003
2961880	254
2962581	1003
2962582	1003
2962585	803
2962586	254
2963589	2008
2964244	1003
2964720	2010
2964721	1756
2964722	1257
2964723	1005
2964724	2010
2964725	1756
2964726	254
2965355	1005
2965356	2008
2965357	2010
2965358	1756
2965359	1003
2965360	1259
2965361	1005
2966138	751
2966139	254
2966899	2008
2966900	1003
2967921	2006
2967922	1057
2968518	1005
2968939	1003
2969489	1003
2969490	1756
2969491	1259
2969492	2008
2969983	2010
2969984	2761
2969985	1003
2969986	1259
2969987	1005
2969988	1005
2970831	1005
2970837	1005
2970838	2010
2970839	1003
2970840	1005
2971672	1005
2972014	1754
2972015	1003
2972016	254
2972926	1003
2972928	1003
2972933	1057
2973518	1005
2973929	1003
2974489	1003
2974490	1005
2974491	2010
2974492	2008
2974939	751
2974940	1259
2974941	2010
2974942	1005
2974943	2008
2974944	1005
2974945	1005
2975551	2010
2975552	1005
2975553	2008
2975554	1005
2976139	1005
2976149	591
2976888	749
2976889	1259
2976890	1003
2977572	749
2977573	254
2977574	1003
2977577	1057
2978530	749
2978531	1259
2979920	1005
2979923	1005
2979924	1003
2979927	1005
2979933	1005
2979934	2761
2979935	1257
2979936	2008
2979937	1005
2979938	2010
2980529	659
2980531	2385
2980532	5711
2980533	5713
2980534	5719
2980535	5744
2980537	8017
2980538	5328
2980539	3137
2980544	1005
2980546	1005
2980548	2008
2980550	1005
2981222	1005
2981223	2663
2981224	4792
2981889	2008
2981890	1003
2982567	1752
2982568	254
2982569	1057
2983851	1003
2983852	1005
2984561	749
2984562	1259
2984563	1005
2984564	1005
2984565	2008
2985013	1005
2985014	2010
2985015	1005
2985016	1005
2985017	2008
2985018	1005
2985019	1005
2986133	1005
2986134	2010
2986135	1005
2986136	2008
2986140	1005
2987276	7557
2987294	1003
2987316	1005
2987321	749
2987324	254
2989190	1003
2989191	2006
2989192	1005
2989194	1057
2990181	1003
2990182	1005
2990183	2010
2990184	749
2990185	1259
2990191	1005
2990192	1005
2990193	1005
2990194	2010
2990195	1003
2990196	1005
2990197	1005
2990198	1005
2990651	2010
2990653	2010
2990654	1754
2990655	254
2991143	1005
2991899	2008
2991901	1003
2992583	1003
2992584	749
2992585	254
2992589	1057
2994914	1003
2994915	1005
2994930	1003
2994936	1005
2994937	2010
2994938	1005
2994939	1003
2994940	1005
2994941	1756
2994942	254
2994943	2010
2995387	751
2995388	2262
2995389	1756
2995390	254
2995391	2010
2995392	2008
2995393	1005
2996149	1005
2997230	1003
2997231	1005
2997232	1003
2997569	1752
2997570	254
2997571	1057
2999440	749
2999441	1259
3001056	2008
3001057	1756
3001058	1003
3001059	1259
3001066	2010
3001067	1005
3001068	2010
3001069	2008
3001070	1005
3001071	1005
3001076	2010
3001077	2010
3001078	1003
3001079	1005
3001388	1005
3001879	2008
3001880	1003
3002559	1003
3002562	1003
3002566	1057
3003529	2008
3004631	2008
3004632	2010
3004633	2008
3004943	1005
3004944	2010
3004945	1005
3004946	1005
3004947	2008
3004948	1005
3004949	1005
3005361	2010
3005362	1005
3005363	2008
3005364	1005
3006218	1005
3006890	749
3006891	1259
3006892	1003
3007571	1003
3007579	749
3007580	254
3007583	803
3007584	254
3008529	1003
3008530	1005
3009283	1003
3009731	1005
3009732	1756
3009733	1259
3009734	2008
3009735	2010
3009736	1005
3009737	1005
3010363	2010
3010364	2008
3010365	1005
3010366	2010
3010367	2008
3010368	1005
3011139	1005
3013123	2008
3013124	1003
3013143	2006
3013145	1057
3014549	1003
3014550	1005
3016251	1005
3016252	1003
3016253	2761
3016254	2264
3016255	1005
3016256	2010
3016257	2008
3016258	2008
3016259	1005
3016260	1005
3016261	1005
3016262	2010
3016264	2759
3016265	254
3016547	1003
3017134	1003
3017145	1005
3017554	2006
3017556	1057
3018530	2008
3019491	2008
3019492	2010
3019493	2008
3019936	2010
3019937	1005
3019938	2010
3019939	2008
3019940	1005
3019941	1005
3020358	1005
3020359	2010
3020360	1005
3020361	2008
3021143	1005
3021889	1003
3021890	1005
3021891	1003
3022756	1003
3022757	1003
3022760	803
3022761	254
3023671	1003
3023672	1005
3024283	1003
3024732	2010
3024733	2010
3024734	2008
3024735	1005
3024736	1005
3024737	2010
3025717	1005
3025718	2008
3025719	2010
3025720	2010
3025721	1003
3025722	1005
3025723	1005
3026393	1005
3027074	2008
3027075	1003
3027562	2006
3027563	803
3027564	254
3028521	1003
3028522	1005
3029692	2008
3029693	2010
3029694	1754
3029695	254
3030100	1005
3030101	2010
3030102	2010
3030103	1003
3030104	2010
3030105	751
3030106	254
3030673	2010
3030674	2010
3030675	2008
3031286	1005
3031889	1003
3031890	1005
3031891	1003
3032559	749
3032560	254
3032562	1003
3032565	1057
3033522	1754
3033523	254
3034486	2008
3034487	2010
3034488	1003
3034489	1005
3034936	2010
3034937	2010
3034938	1005
3034939	2759
3034940	1005
3034941	254
3035552	2010
3035553	2010
3035554	2008
3036149	591
3036269	1005
3036890	2008
3036891	1003
3037550	2006
3037551	1057
3038326	1005
3038926	1003
3039483	1003
3039484	1005
3039485	2010
3039486	2008
3039977	659
3039978	751
3039979	3264
3039980	5715
3039981	6530
3039982	5746
3039983	3266
3039985	11743
3039986	6393
3039987	1005
3039988	1005
3039989	1005
3039992	1005
3039993	1003
3039996	1005
3039997	1005
3040002	1005
3040373	2010
3040374	2010
3040375	1003
3040376	1005
3041000	1005
3041002	3197
3041003	1599
3041880	2008
3041881	1003
3043148	2006
3043149	1057
3044315	749
3044316	1259
3044490	749
3044491	1259
3044492	2010
3044493	2008
3044934	2010
3044935	1005
3044936	2010
3044937	2008
3044938	1005
3044939	1005
3045353	1005
3045354	2010
3045355	2008
3045356	751
3045357	254
3046161	1005
3047464	1754
3047465	1003
3047466	254
3048067	1003
3048069	1003
3048072	1057
3048520	2008
3049580	2008
3049581	2010
3049582	1003
3049583	1005
3050006	2010
3050007	2010
3050008	1005
3050009	2008
3050010	1005
3050011	1005
3050013	1005
3050424	1005
3050425	1005
3050426	2008
3050427	1005
3051140	1005
3053633	749
3053634	1259
3053635	1003
3053640	1003
3053645	1005
3053646	1003
3053647	1003
3053651	1057
3054485	7557
3055855	2010
3055856	2010
3055857	1005
3055858	2008
3055860	1003
3055861	1005
3055862	1005
3055863	1003
3055864	1756
3055865	1259
3055866	1005
3055867	751
3055868	1259
3055869	2008
3055872	2010
3056413	1005
3056965	2008
3056966	1003
3057603	2006
3057604	1057
3059722	2008
3059742	2008
3059743	1005
3059744	1005
3059745	2008
3060812	1005
3060813	2010
3060814	2010
3060815	1754
3060816	1259
3060817	1005
3060822	2010
3060823	1756
3060824	1257
3060825	1005
3061493	1005
3062010	1754
3062011	1003
3062012	254
3063021	2006
3063022	1057
3063545	2008
3064491	2008
3064492	1756
3064493	1003
3064494	1259
3064944	2010
3064945	1005
3064946	2010
3064947	2008
3064948	1005
3064949	1005
3065542	1005
3065543	2010
3065544	2008
3065545	1005
3066146	1005
3066887	1003
3066888	1005
3066889	1003
3067615	1003
3067616	1003
3067620	1057
3069623	2008
3069648	1005
3069651	1003
3069977	2010
3069978	1756
3069979	1259
3069980	2008
3069981	2008
3069982	1005
3069983	1005
3069984	2010
3069985	1005
3070640	2010
3070641	2008
3070642	1005
3071595	1005
3071940	2008
3071941	1003
3072561	2006
3072562	1057
3073522	2008
3074481	2008
3074482	1005
3074483	1005
3074484	2008
3074944	1005
3074945	2010
3074946	2010
3074947	1003
3074948	2010
3074949	1005
3075542	751
3075543	2010
3075544	1259
3075545	2008
3076147	1005
3076775	1005
3076776	1003
3077471	749
3077472	254
3077477	1003
3077479	749
3077480	254
3077483	1057
3078530	749
3078531	1259
3079551	2008
3079552	2010
3079553	2008
3080062	2010
3080063	2010
3080064	1005
3080065	2008
3080066	1005
3080067	1005
3080373	1005
3080374	2010
3080375	2008
3080376	1005
3082617	1005
3082628	2008
3082629	1003
3082650	1003
3082651	1003
3082655	803
3082656	254
3083871	2008
3084361	2008
3085915	1005
3085916	1005
3085917	2010
3085918	1005
3085919	1003
3085920	1005
3085921	2008
3085922	1005
3085923	1005
3085924	1005
3085925	1005
3085935	1005
3085936	1005
3085937	1005
3085938	2008
3085939	1005
3086983	1005
3086984	1003
3086985	2008
3088339	2006
3088340	1057
3088816	751
3088817	1257
3089793	2008
3089794	2010
3089795	1003
3089796	1005
3089981	1756
3089982	1259
3089983	2010
3089984	1754
3089985	1259
3089986	1005
3090363	1005
3090364	2010
3090365	1005
3090366	2008
3091163	1005
3091883	749
3091884	1259
3091885	1003
3092680	1003
3092682	1003
3092685	1057
3093541	2008
3094575	2008
3094576	2010
3094577	1003
3094578	1005
3094579	1005
3094975	2010
3094976	2010
3094977	1756
3094978	1257
3094979	1005
3094980	1005
3095582	2010
3095583	1005
3095584	1003
3095585	1005
3096141	1005
3096159	591
3096871	2008
3096872	1003
3097570	1003
3097574	1003
3097577	1057
3098531	2008
3099373	659
3099374	751
3099375	2449
3099376	5713
3099377	5713
3099378	5719
3099379	4927
3099381	9614
3099382	5860
3099383	6393
3099384	1003
3099948	2010
3099949	1005
3099950	1005
3099951	1005
3099952	1003
3099953	2008
3099954	1005
3099955	2010
3099956	751
3099957	1319
3099958	1005
3100367	2010
3100368	2010
3100369	1003
3100370	1005
3101171	1005
3101894	2008
3101895	1003
3102609	1003
3102610	1003
3102611	1057
3103531	2008
3104482	2759
3104483	1259
3104484	2008
3104929	2010
3104930	2010
3104931	1005
3104932	2008
3104933	1005
3104934	1005
3105553	2010
3105554	2010
3105555	1003
3105556	1005
3106141	1005
3106578	1003
3107122	2008
3107551	1003
3107553	1003
3107557	1057
3108566	2008
3109612	2008
3109613	2010
3109614	2008
3110511	1005
3110512	1005
3110513	2010
3110514	1005
3110515	2759
3110516	254
3110517	1005
3110557	1005
3110558	2010
3110559	1005
3110560	2008
3111279	1005
3112398	2008
3112399	1003
3113958	1003
3113959	2008
3113960	1003
3113965	1057
3114453	1005
3114456	1005
3114457	1003
3114459	1005
3115146	1005
3115147	1005
3115150	1005
3115151	1754
3115152	1257
3115153	2010
3115154	1005
3115155	1005
3115462	1005
3115463	1005
3115464	2010
3115465	1005
3115469	1005
3115781	1005
3115782	1003
3116871	1754
3116872	1003
3116873	254
3117551	1003
3117552	1003
3117553	1057
3118756	2008
3119482	2008
3119483	1756
3119484	254
3119485	2008
3119935	1005
3119936	2010
3119937	2010
3119938	1003
3119939	2010
3119940	1005
3121118	1005
3121119	1005
3121120	2010
3121121	2008
3121151	1005
3121902	1003
3122139	7557
3122148	2008
3122572	1003
3122574	1003
3122577	1057
3124743	2008
3124746	2008
3124747	2010
3124748	1003
3124749	1005
3125062	1756
3125063	1259
3125064	1756
3125065	1257
3125066	1756
3125067	254
3125068	1005
3126023	751
3126024	1259
3126025	2010
3126026	2008
3126298	1005
3126881	1003
3126882	1005
3126883	1003
3127553	2006
3127554	1057
3128521	1003
3128522	1005
3129603	1003
3129604	751
3129605	254
3129613	751
3129614	254
3129615	1003
3129619	751
3129620	254
3129930	751
3129931	2264
3129933	2010
3129934	1003
3129935	2010
3129936	1005
3129937	1005
3130570	1756
3130571	1259
3130572	1754
3130573	254
3130575	1005
3131314	751
3131315	254
3132495	2008
3132496	749
3132497	254
3133045	1003
3133046	1003
3133047	1057
