2009
2502
2502
2502
2502
2502
2502
2502
2502
2502
2502
2502
2502
2995
2995
2995
2995
2995
2995
2995
2995
2995
2995
2995
2995
2995
2995
2995
2995
2995
2995
2995
2995
2995
2995
2995
2995
2995
2995
2995
2995
2995
2996
3504
3504
3504
3504
3504
3504
3504
3504
3504
3504
3997
3997
3997
3997
3997
3997
3997
3997
3997
3997
3997
3997
3997
3997
3997
3997
3997
3997
3997
3997
3997
3997
3997
3997
3997
3997
3997
3997
3997
3997
3997
3997
3997
3997
3997
3997
3997
3997
3997
3997
3997
3997
3997
3997
3997
3997
3997
3997
3997
3997
3997
3997
3997
3997
3997
4999
4999
4999
4999
4999
4999
4999
4999
4999
4999
4999
4999
5007
22897
22995
23802
27899
13084050
45918143
